79
1
2
0 11 22 8 0 -1
0 15 22 4 0 2
haar_y2
-1.003436e-001 0 -1
3.088078e-001 -2.730038e-001 
1
2
0 1 24 9 0 -1
8 4 8 3 0 9
haar_point
5.025174e-001 0 -1
-9.719068e-002 7.149997e-001 
1
2
4 16 3 4 0 -1
5 16 1 4 0 3
haar_x3
7.235237e-003 0 -1
-1.587262e-001 5.870023e-001 
1
2
15 20 2 2 0 -1
15 20 1 2 0 2
tilted_haar_y2
-6.413403e-005 0 -1
8.534709e-002 -2.742449e-001 
1
2
3 18 3 3 0 -1
2 19 3 1 0 3
tilted_haar_y3
1.500130e-005 0 -1
-2.864183e-001 2.196387e-001 
1
2
22 19 2 5 0 -1
22 19 1 5 0 2
haar_x2
-1.330659e-005 0 -1
8.202421e-002 -1.712616e-001 
1
2
0 19 2 5 0 -1
1 19 1 5 0 2
haar_x2
-3.119899e-005 0 -1
1.722785e-001 -3.624712e-001 
1
2
17 15 3 6 0 -1
18 15 1 6 0 3
haar_x3
1.245447e-002 0 -1
-3.539960e-002 5.585334e-001 
1
2
7 19 8 3 0 -1
11 19 4 3 0 2
haar_x2
1.840191e-004 0 -1
-2.963121e-001 1.961201e-001 
1
2
17 15 3 6 0 -1
18 15 1 6 0 3
haar_x3
-8.575523e-003 0 -1
5.727389e-001 -9.032337e-002 
1
2
6 15 5 9 0 -1
6 18 5 3 0 3
haar_y3
9.576835e-003 0 -1
-1.142496e-001 4.693588e-001 
1
2
15 20 2 2 0 -1
15 20 1 2 0 2
tilted_haar_y2
-1.324263e-003 0 -1
9.629426e-002 -1.693877e-001 
1
2
9 20 2 2 0 -1
9 20 2 1 0 2
tilted_haar_y2
-5.095474e-005 0 -1
1.853018e-001 -4.322592e-001 
1
2
15 2 6 8 0 -1
17 4 2 8 0 3
tilted_haar_y3
-7.652717e-003 0 -1
9.981094e-002 -1.014533e-001 
1
2
1 19 17 3 0 -1
1 20 17 1 0 3
haar_y3
4.800511e-005 0 -1
-2.180649e-001 2.801791e-001 
1
2
17 15 1 8 0 -1
17 15 1 4 0 2
tilted_haar_x2
1.588476e-002 0 -1
-8.342305e-002 3.196083e-001 
1
3
7 5 10 16 0 -1
7 5 5 8 0 2
12 13 5 8 0 2
haar_x2_y2
-6.986083e-003 0 -1
2.653768e-001 -2.726259e-001 
1
2
17 14 3 8 0 -1
18 14 1 8 0 3
haar_x3
1.313641e-003 0 -1
-7.143565e-002 1.492081e-001 
1
2
5 3 8 7 0 -1
7 3 4 7 0 2
haar_x4
4.771332e-004 0 -1
-2.570398e-001 2.278330e-001 
1
2
12 20 11 4 0 -1
12 21 11 2 0 2
haar_y4
2.722545e-005 0 -1
-2.041947e-001 1.663226e-001 
1
2
4 17 15 4 0 -1
4 18 15 2 0 2
haar_y4
4.170437e-004 0 -1
-2.611275e-001 2.900577e-001 
1
2
13 15 1 4 0 -1
13 17 1 2 0 2
haar_y2
-2.208710e-004 0 -1
2.278595e-001 -3.481047e-001 
1
2
8 16 8 3 0 -1
8 17 8 1 0 3
haar_y3
1.575705e-005 0 -1
-2.590081e-001 3.146554e-001 
1
2
9 18 15 6 0 -1
9 21 15 3 0 2
haar_y2
7.482820e-005 0 -1
-3.840134e-001 1.314543e-001 
1
3
9 18 6 6 0 -1
9 18 3 3 0 2
12 21 3 3 0 2
haar_x2_y2
-1.470740e-004 0 -1
2.737452e-001 -3.014381e-001 
1
2
12 9 1 12 0 -1
12 12 1 6 0 2
haar_y4
-8.972253e-004 0 -1
2.552296e-001 -2.059003e-001 
1
2
1 0 19 16 0 -1
1 4 19 8 0 2
haar_y4
-1.046686e-001 0 -1
6.175719e-001 -1.289632e-001 
1
2
10 9 12 1 0 -1
10 9 6 1 0 2
haar_x2
5.447259e-003 0 -1
-6.792536e-002 2.521352e-001 
1
2
2 9 12 1 0 -1
8 9 6 1 0 2
haar_x2
-1.170151e-003 0 -1
3.171614e-001 -2.555589e-001 
1
2
17 7 4 6 0 -1
17 7 2 6 0 2
haar_x2
6.535191e-004 0 -1
-1.920943e-001 1.560406e-001 
1
2
3 7 4 6 0 -1
5 7 2 6 0 2
haar_x2
3.602753e-004 0 -1
-3.133602e-001 2.410971e-001 
1
2
2 19 20 1 0 -1
7 19 10 1 0 2
haar_x4
-1.846156e-003 0 -1
1.934557e-001 -4.030233e-001 
1
2
9 9 6 9 0 -1
6 12 6 3 0 3
tilted_haar_y3
4.831713e-002 0 -1
-1.006338e-001 7.818244e-001 
1
2
17 11 3 12 0 -1
17 14 3 6 0 2
haar_y4
-1.681605e-003 0 -1
1.333715e-001 -3.367319e-001 
1
2
0 9 9 15 0 -1
3 14 3 5 0 9
haar_point
-4.064267e-004 0 -1
1.883319e-001 -4.652835e-001 
1
2
4 18 18 4 0 -1
4 20 18 2 0 2
haar_y2
-3.322148e-003 0 -1
3.520747e-001 -2.143699e-001 
1
2
4 12 7 2 0 -1
4 12 7 1 0 2
tilted_haar_y2
-3.142188e-003 0 -1
3.552536e-001 -1.965960e-001 
1
2
15 3 8 3 0 -1
14 4 8 1 0 3
tilted_haar_x3
1.156761e-002 0 -1
-5.767984e-002 2.531711e-001 
1
2
9 3 3 8 0 -1
10 4 1 8 0 3
tilted_haar_x3
-4.619261e-004 0 -1
3.046128e-001 -2.356911e-001 
1
2
15 6 6 3 0 -1
14 7 6 1 0 3
tilted_haar_x3
1.008647e-002 0 -1
-5.577753e-002 2.243116e-001 
1
2
9 6 3 6 0 -1
10 7 1 6 0 3
tilted_haar_x3
-1.989234e-003 0 -1
3.246853e-001 -2.413958e-001 
1
2
19 15 4 1 0 -1
19 15 2 1 0 2
tilted_haar_y2
1.101191e-002 0 -1
-3.179903e-002 6.399791e-001 
1
2
6 14 4 8 0 -1
8 14 2 8 0 2
haar_x2
3.165828e-004 0 -1
-3.219420e-001 2.317102e-001 
1
2
12 8 3 14 0 -1
12 15 3 7 0 2
haar_y2
-6.193660e-005 0 -1
7.620261e-002 -3.623956e-001 
1
3
6 3 2 16 0 -1
6 3 1 8 0 2
7 11 1 8 0 2
haar_x2_y2
-6.663706e-005 0 -1
2.739275e-001 -2.901328e-001 
1
2
2 5 20 2 0 -1
7 5 10 2 0 2
haar_x4
-8.712116e-004 0 -1
3.934843e-001 -1.527870e-001 
1
3
3 0 12 16 0 -1
3 0 6 8 0 2
9 8 6 8 0 2
haar_x2_y2
-4.646728e-003 0 -1
2.533135e-001 -2.582498e-001 
1
2
17 15 3 7 0 -1
18 15 1 7 0 3
haar_x3
-2.181267e-004 0 -1
1.294952e-001 -1.094041e-001 
1
2
4 15 3 7 0 -1
5 15 1 7 0 3
haar_x3
-7.332304e-003 0 -1
6.730037e-001 -7.610996e-002 
1
2
11 19 3 1 0 -1
12 19 1 1 0 3
haar_x3
-9.525084e-004 0 -1
-3.061596e-001 5.006339e-002 
1
2
2 4 20 15 0 -1
2 9 20 5 0 3
haar_y3
-1.718853e-002 0 -1
2.975029e-001 -1.696990e-001 
1
2
8 1 9 14 0 -1
8 8 9 7 0 2
haar_y2
3.488588e-002 0 -1
-1.441755e-001 3.834989e-001 
1
3
0 16 4 6 0 -1
0 16 2 3 0 2
2 19 2 3 0 2
haar_x2_y2
5.631590e-004 0 -1
-2.636347e-001 2.260997e-001 
1
2
22 15 2 6 0 -1
22 15 1 6 0 2
tilted_haar_y2
1.246114e-002 0 -1
-7.503719e-002 6.662720e-001 
1
2
9 8 3 14 0 -1
9 15 3 7 0 2
haar_y2
-1.979040e-004 0 -1
1.484681e-001 -4.828822e-001 
1
2
20 15 4 1 0 -1
20 15 2 1 0 2
tilted_haar_y2
-1.220010e-004 0 -1
1.355309e-001 -2.067187e-001 
1
2
4 15 1 4 0 -1
4 15 1 2 0 2
tilted_haar_y2
1.733856e-003 0 -1
-1.637727e-001 5.265465e-001 
1
2
5 1 18 20 0 -1
5 6 18 10 0 2
haar_y4
-5.809844e-002 0 -1
3.736519e-001 -2.032341e-001 
1
2
3 10 12 2 0 -1
3 10 12 1 0 2
tilted_haar_y2
4.786446e-003 0 -1
-2.078547e-001 3.957074e-001 
1
3
5 9 16 14 0 -1
13 9 8 7 0 2
5 16 8 7 0 2
haar_x2_y2
1.681198e-005 0 -1
-3.152290e-001 2.310257e-001 
1
2
0 8 6 16 0 -1
0 12 6 8 0 2
haar_y4
-2.200597e-004 0 -1
2.272078e-001 -5.051771e-001 
1
2
22 5 1 14 0 -1
22 12 1 7 0 2
haar_y2
1.319738e-002 0 -1
-9.352347e-002 3.971733e-001 
1
2
2 3 12 7 0 -1
8 3 6 7 0 2
haar_x2
7.359737e-004 0 -1
-4.575181e-001 2.018486e-001 
1
2
6 2 16 8 0 -1
6 2 8 8 0 2
haar_x2
7.499966e-004 0 -1
-3.160600e-001 1.940592e-001 
1
2
4 2 12 11 0 -1
7 2 6 11 0 2
haar_x4
-4.041796e-004 0 -1
4.354696e-001 -4.503693e-001 
1
2
8 2 12 12 0 -1
12 2 4 12 0 3
haar_x3
-1.268782e-003 0 -1
4.054494e-001 -1.823904e-001 
1
2
3 1 15 13 0 -1
8 1 5 13 0 3
haar_x3
9.379475e-004 0 -1
-3.250358e-001 3.962130e-001 
1
2
3 0 21 6 0 -1
10 0 7 6 0 3
haar_x3
-1.511701e-002 0 -1
3.854037e-001 -2.187880e-001 
1
2
8 1 8 7 0 -1
12 1 4 7 0 2
haar_x2
1.263446e-004 0 -1
-3.921255e-001 3.783905e-001 
1
2
13 5 3 3 0 -1
12 6 3 1 0 3
tilted_haar_x3
-1.222409e-003 0 -1
3.074451e-001 -3.564177e-001 
1
2
0 1 24 5 0 -1
12 1 12 5 0 2
haar_x2
-8.709850e-005 0 -1
4.623966e-001 -2.711698e-001 
1
2
16 21 8 3 0 -1
18 21 4 3 0 2
haar_x4
-1.278226e-003 0 -1
2.442122e-001 -1.251054e-001 
1
2
0 21 9 3 0 -1
3 21 3 3 0 3
haar_x3
-7.614924e-004 0 -1
3.162207e-001 -3.212957e-001 
1
2
9 5 9 2 0 -1
12 5 3 2 0 3
haar_x3
-5.722695e-005 0 -1
2.523754e-001 -1.727101e-001 
1
3
0 0 16 24 0 -1
0 0 8 12 0 2
8 12 8 12 0 2
haar_x2_y2
-3.635789e-003 0 -1
2.054508e-001 -4.262137e-001 
1
2
20 21 4 2 0 -1
20 21 2 2 0 2
haar_x2
2.477215e-004 0 -1
-1.559910e-001 2.153144e-001 
1
3
1 15 16 4 0 -1
1 15 8 2 0 2
9 17 8 2 0 2
haar_x2_y2
-1.222084e-003 0 -1
2.368100e-001 -3.644707e-001 
1
2
12 6 12 6 0 -1
15 9 6 6 0 2
tilted_haar_y4
5.671652e-002 0 -1
-1.291464e-001 4.232245e-001 
1
2
12 7 12 4 0 -1
16 11 4 4 0 3
tilted_haar_x3
-3.970614e-002 0 -1
3.940841e-001 -2.971568e-001 
-1.546134e+000

13
-1
