33
1
2
2 12 19 12 0 -1
2 15 19 6 0 2
haar_y4
-8.588138e-002 0 -1
4.233834e-001 -4.471868e-001 
1
2
12 0 4 10 0 -1
13 1 2 10 0 2
tilted_haar_y4
1.370238e-002 0 -1
-1.403960e-001 4.615237e-001 
1
2
12 0 10 4 0 -1
11 1 10 2 0 2
tilted_haar_y4
1.949560e-002 0 -1
-1.915616e-001 6.923205e-001 
1
2
0 18 24 5 0 -1
6 18 12 5 0 2
haar_x4
-1.338162e-002 0 -1
2.658299e-001 -4.448421e-001 
1
2
0 19 2 5 0 -1
1 19 1 5 0 2
haar_x2
-6.679093e-005 0 -1
1.933571e-001 -3.756593e-001 
1
2
0 0 24 9 0 -1
8 3 8 3 0 9
haar_point
4.684831e-001 0 -1
-4.455480e-002 8.497437e-001 
1
3
5 15 4 4 0 -1
5 15 2 2 0 2
7 17 2 2 0 2
haar_x2_y2
-6.247805e-003 0 -1
5.923099e-001 -1.453961e-001 
1
2
8 14 8 8 0 -1
8 16 8 4 0 2
haar_y4
1.305908e-002 0 -1
-1.523058e-001 4.519977e-001 
1
2
11 1 12 2 0 -1
15 5 4 2 0 3
tilted_haar_x3
3.811513e-002 0 -1
-1.670602e-001 4.796103e-001 
1
3
18 9 6 10 0 -1
21 9 3 5 0 2
18 14 3 5 0 2
haar_x2_y2
-1.571700e-002 0 -1
4.250338e-001 -1.980966e-001 
1
2
5 2 10 8 0 -1
5 6 10 4 0 2
haar_y2
-3.548747e-002 0 -1
4.120754e-001 -1.790264e-001 
1
3
14 2 10 8 0 -1
19 2 5 4 0 2
14 6 5 4 0 2
haar_x2_y2
1.448856e-002 0 -1
-1.036743e-001 2.841444e-001 
1
3
2 4 6 8 0 -1
2 4 3 4 0 2
5 8 3 4 0 2
haar_x2_y2
8.528570e-003 0 -1
-1.561231e-001 4.932100e-001 
1
2
14 16 6 2 0 -1
14 16 6 1 0 2
tilted_haar_x2
-5.336388e-004 0 -1
2.064205e-001 -2.622451e-001 
1
2
6 16 8 1 0 -1
10 16 4 1 0 2
haar_x2
7.962600e-005 0 -1
-3.134978e-001 2.773986e-001 
1
2
9 10 6 9 0 -1
11 10 2 9 0 3
haar_x3
-2.712718e-005 0 -1
2.966938e-001 -3.828614e-001 
1
2
2 21 2 2 0 -1
3 21 1 2 0 2
haar_x2
-2.830395e-005 0 -1
2.767264e-001 -2.947869e-001 
1
2
13 18 2 2 0 -1
13 19 2 1 0 2
haar_y2
-7.563066e-004 0 -1
2.556192e-001 -1.316181e-001 
1
2
8 7 15 2 0 -1
13 12 5 2 0 3
tilted_haar_x3
-3.915263e-002 0 -1
3.621937e-001 -2.148541e-001 
1
2
21 5 3 16 0 -1
17 9 3 8 0 2
tilted_haar_x4
9.041625e-002 0 -1
-8.470301e-002 6.097252e-001 
1
2
2 0 8 8 0 -1
6 0 4 8 0 2
haar_x2
9.507326e-003 0 -1
-3.076842e-001 2.642654e-001 
1
3
20 8 4 10 0 -1
22 8 2 5 0 2
20 13 2 5 0 2
haar_x2_y2
1.388840e-002 0 -1
-1.324835e-001 5.683960e-001 
1
2
6 5 14 5 0 -1
6 5 7 5 0 2
tilted_haar_x2
1.459992e-003 0 -1
-4.850077e-001 2.657106e-001 
1
2
6 2 12 14 0 -1
6 2 6 14 0 2
haar_x2
-9.157838e-003 0 -1
3.260610e-001 -5.298723e-001 
1
2
3 8 18 10 0 -1
12 8 9 10 0 2
haar_x2
-1.459169e-003 0 -1
4.595458e-001 -3.269765e-001 
1
2
23 1 1 21 0 -1
23 8 1 7 0 3
haar_y3
-1.634263e-005 0 -1
2.108759e-001 -1.882053e-001 
1
2
1 10 22 8 0 -1
12 10 11 8 0 2
haar_x2
1.223378e-003 0 -1
-3.352599e-001 3.172302e-001 
1
2
6 18 18 5 0 -1
6 18 9 5 0 2
haar_x2
-5.848181e-004 0 -1
8.339103e-002 -2.766567e-001 
1
2
0 16 22 8 0 -1
11 16 11 8 0 2
haar_x2
-2.052506e-003 0 -1
3.798871e-001 -3.237310e-001 
1
2
14 8 9 6 0 -1
17 11 3 6 0 3
tilted_haar_y3
6.902024e-002 0 -1
-1.092837e-001 5.659803e-001 
1
2
8 18 2 4 0 -1
8 18 1 4 0 2
tilted_haar_x2
-3.203529e-005 0 -1
2.537174e-001 -4.326844e-001 
1
2
9 18 12 4 0 -1
9 19 12 2 0 2
haar_y4
1.936654e-003 0 -1
-1.283998e-001 2.324166e-001 
1
2
12 7 5 12 0 -1
9 10 5 6 0 2
tilted_haar_y4
1.433047e-002 0 -1
-2.361175e-001 4.562386e-001 
-1.621803e+000

2
-1
