47
1
2
2 0 19 20 0 -1
2 5 19 10 0 2
haar_y4
1.505865e-001 0 -1
-3.346774e-001 3.968361e-001 
1
2
18 16 6 1 0 -1
18 16 3 1 0 2
tilted_haar_y2
-1.441662e-004 0 -1
1.370281e-001 -3.007658e-001 
1
2
0 18 4 3 0 -1
2 18 2 3 0 2
haar_x2
-5.430453e-004 0 -1
2.096899e-001 -4.401492e-001 
1
2
14 1 2 8 0 -1
14 3 2 4 0 2
haar_y4
1.652111e-002 0 -1
-4.697864e-002 5.072749e-001 
1
2
4 16 3 4 0 -1
5 16 1 4 0 3
haar_x3
9.241809e-003 0 -1
-1.053674e-001 6.993093e-001 
1
2
10 2 7 8 0 -1
10 4 7 4 0 2
haar_y4
4.927940e-002 0 -1
-1.168048e-001 5.422210e-001 
1
2
0 0 12 8 0 -1
6 0 6 8 0 2
haar_x2
1.471989e-002 0 -1
-2.711638e-001 2.524778e-001 
1
2
14 20 2 4 0 -1
14 22 2 2 0 2
haar_y2
5.650389e-005 0 -1
-3.405173e-001 1.156568e-001 
1
2
0 19 16 1 0 -1
4 19 8 1 0 2
haar_x4
-2.018088e-003 0 -1
2.237809e-001 -2.958302e-001 
1
2
18 16 1 6 0 -1
18 18 1 2 0 3
haar_y3
5.021397e-005 0 -1
-2.078446e-001 1.724193e-001 
1
2
5 16 1 6 0 -1
5 18 1 2 0 3
haar_y3
6.583178e-004 0 -1
-2.120635e-001 3.338815e-001 
1
2
20 13 4 4 0 -1
20 13 2 4 0 2
haar_x2
-4.533419e-003 0 -1
3.228700e-001 -1.529185e-001 
1
2
0 13 4 4 0 -1
2 13 2 4 0 2
haar_x2
5.807701e-003 0 -1
-1.355509e-001 5.685064e-001 
1
2
21 0 2 18 0 -1
21 9 2 9 0 2
haar_y2
-5.037402e-004 0 -1
8.712351e-002 -1.566574e-001 
1
3
0 9 4 8 0 -1
0 9 2 4 0 2
2 13 2 4 0 2
haar_x2_y2
-5.747930e-003 0 -1
3.619826e-001 -2.048495e-001 
1
2
22 0 1 16 0 -1
22 8 1 8 0 2
haar_y2
1.203928e-004 0 -1
-6.077967e-002 1.457133e-001 
1
2
1 0 1 16 0 -1
1 8 1 8 0 2
haar_y2
-1.702640e-005 0 -1
2.470637e-001 -3.319234e-001 
1
2
4 7 18 15 0 -1
4 12 18 5 0 3
haar_y3
1.917053e-001 0 -1
-1.270760e-001 5.790453e-001 
1
2
7 8 5 6 0 -1
5 10 5 2 0 3
tilted_haar_y3
-2.219444e-002 0 -1
4.262567e-001 -1.965801e-001 
1
2
0 3 24 10 0 -1
6 3 12 10 0 2
haar_x4
3.811228e-002 0 -1
-2.721622e-001 2.634887e-001 
1
2
4 9 15 6 0 -1
9 9 5 6 0 3
haar_x3
-8.539985e-003 0 -1
3.157395e-001 -3.042285e-001 
1
2
18 11 6 12 0 -1
18 14 6 6 0 2
haar_y4
-2.593609e-005 0 -1
1.345771e-001 -2.260738e-001 
1
2
8 2 6 9 0 -1
8 5 6 3 0 3
haar_y3
-1.773340e-002 0 -1
4.770308e-001 -1.677737e-001 
1
2
12 11 10 8 0 -1
12 11 5 8 0 2
haar_x2
-2.136989e-002 0 -1
1.777765e-001 -6.331276e-002 
1
2
2 11 10 8 0 -1
7 11 5 8 0 2
haar_x2
2.561389e-003 0 -1
-2.537267e-001 2.652663e-001 
1
2
6 13 18 9 0 -1
6 13 9 9 0 2
haar_x2
-2.123729e-002 0 -1
1.047494e-001 -1.851172e-001 
1
2
0 16 20 6 0 -1
10 16 10 6 0 2
haar_x2
-2.122274e-003 0 -1
2.714326e-001 -2.661688e-001 
1
2
15 4 6 5 0 -1
17 6 2 5 0 3
tilted_haar_y3
3.719709e-002 0 -1
-6.446159e-002 4.508725e-001 
1
2
4 5 16 9 0 -1
4 8 16 3 0 3
haar_y3
-2.830382e-002 0 -1
3.508979e-001 -2.385308e-001 
1
2
10 12 6 12 0 -1
10 16 6 4 0 3
haar_y3
7.657716e-002 0 -1
-4.649211e-002 6.025036e-001 
1
2
1 11 4 12 0 -1
1 14 4 6 0 2
haar_y4
-6.841756e-003 0 -1
2.525755e-001 -3.264044e-001 
1
2
12 1 3 6 0 -1
12 3 3 2 0 3
haar_y3
-3.654607e-004 0 -1
2.271417e-001 -1.750093e-001 
1
2
1 4 19 4 0 -1
1 5 19 2 0 2
haar_y4
-1.577963e-003 0 -1
2.788308e-001 -1.994709e-001 
1
2
16 9 8 7 0 -1
18 11 4 7 0 2
tilted_haar_y4
5.550420e-002 0 -1
-5.429948e-002 5.626878e-001 
1
2
10 3 4 20 0 -1
10 13 4 10 0 2
haar_y2
-2.526588e-002 0 -1
1.950760e-001 -4.049098e-001 
1
2
2 13 21 6 0 -1
9 13 7 6 0 3
haar_x3
5.374149e-002 0 -1
-1.567538e-001 4.150428e-001 
1
2
0 17 24 7 0 -1
6 17 12 7 0 2
haar_x4
-9.961902e-003 0 -1
1.826339e-001 -3.956973e-001 
1
2
16 9 8 7 0 -1
18 11 4 7 0 2
tilted_haar_y4
-2.696806e-002 0 -1
2.318239e-001 -1.667749e-001 
1
2
8 9 7 8 0 -1
6 11 7 4 0 2
tilted_haar_y4
5.066860e-002 0 -1
-1.012267e-001 8.517978e-001 
1
2
15 20 2 2 0 -1
15 20 2 1 0 2
tilted_haar_x2
-2.845865e-005 0 -1
1.480216e-001 -3.043528e-001 
1
2
7 17 6 2 0 -1
10 17 3 2 0 2
haar_x2
1.212772e-004 0 -1
-2.888908e-001 2.659726e-001 
1
2
6 2 12 20 0 -1
6 7 12 10 0 2
haar_y4
-2.729331e-002 0 -1
3.444491e-001 -2.938893e-001 
1
2
10 15 1 6 0 -1
10 18 1 3 0 2
haar_y2
-1.447449e-003 0 -1
3.699178e-001 -2.516029e-001 
1
2
9 18 12 4 0 -1
9 19 12 2 0 2
haar_y4
1.580142e-004 0 -1
-1.827815e-001 2.583237e-001 
1
2
10 15 7 2 0 -1
10 15 7 1 0 2
tilted_haar_y2
-8.582832e-005 0 -1
2.387994e-001 -3.241416e-001 
1
2
17 2 6 16 0 -1
13 6 6 8 0 2
tilted_haar_x4
1.884866e-003 0 -1
-2.171068e-001 2.408145e-001 
1
2
10 13 2 6 0 -1
10 13 2 3 0 2
tilted_haar_y2
-4.272503e-003 0 -1
3.820859e-001 -2.524968e-001 
-1.578529e+000

4
-1
