51
1
2
0 12 20 12 0 -1
0 15 20 6 0 2
haar_y4
-9.202989e-002 0 -1
2.554560e-001 -3.664967e-001 
1
2
10 2 8 8 0 -1
10 4 8 4 0 2
haar_y4
3.942981e-002 0 -1
-1.182281e-001 4.346972e-001 
1
2
1 20 2 3 0 -1
2 20 1 3 0 2
haar_x2
-4.670044e-005 0 -1
1.836199e-001 -4.081790e-001 
1
2
12 20 3 4 0 -1
13 20 1 4 0 3
haar_x3
-8.863491e-004 0 -1
-4.018103e-001 1.059558e-001 
1
3
4 13 2 6 0 -1
4 13 1 3 0 2
5 16 1 3 0 2
haar_x2_y2
5.183824e-003 0 -1
-8.703907e-002 6.271839e-001 
1
2
22 17 2 6 0 -1
22 20 2 3 0 2
haar_y2
1.464610e-002 0 -1
2.389356e-002 -6.315916e-001 
1
2
0 23 20 1 0 -1
10 23 10 1 0 2
haar_x2
-1.909507e-003 0 -1
-3.042337e-001 2.080625e-001 
1
2
9 23 12 1 0 -1
9 23 6 1 0 2
haar_x2
7.041937e-003 0 -1
4.954093e-002 -2.917246e-001 
1
2
10 18 2 1 0 -1
11 18 1 1 0 2
haar_x2
-2.731546e-004 0 -1
-4.355514e-001 1.162068e-001 
1
3
4 14 20 4 0 -1
14 14 10 2 0 2
4 16 10 2 0 2
haar_x2_y2
-4.860236e-002 0 -1
-5.223845e-001 2.107454e-002 
1
2
10 17 2 7 0 -1
11 17 1 7 0 2
haar_x2
1.200065e-003 0 -1
1.079551e-001 -4.251078e-001 
1
2
12 7 3 10 0 -1
13 8 1 10 0 3
tilted_haar_y3
-2.488296e-002 0 -1
3.352523e-001 -6.402295e-002 
1
2
10 4 4 10 0 -1
11 5 2 10 0 2
tilted_haar_x4
-1.172438e-002 0 -1
4.128029e-001 -8.511565e-002 
1
2
23 11 1 8 0 -1
23 15 1 4 0 2
haar_y2
-7.494180e-003 0 -1
-4.283906e-001 4.932913e-002 
1
2
0 11 1 8 0 -1
0 15 1 4 0 2
haar_y2
-6.227761e-003 0 -1
-5.508147e-001 7.868982e-002 
1
3
12 6 8 6 0 -1
16 6 4 3 0 2
12 9 4 3 0 2
haar_x2_y2
-1.809888e-002 0 -1
2.299812e-001 -9.075324e-002 
1
2
3 8 12 8 0 -1
6 8 6 8 0 2
haar_x4
-5.340182e-002 0 -1
-7.767942e-001 6.742297e-002 
1
2
9 20 6 2 0 -1
9 21 6 1 0 2
haar_y2
-1.674870e-003 0 -1
3.424196e-001 -1.336562e-001 
1
2
5 4 11 3 0 -1
5 5 11 1 0 3
haar_y3
-1.357755e-002 0 -1
5.594804e-001 -7.760181e-002 
1
2
12 9 3 9 0 -1
13 10 1 9 0 3
tilted_haar_y3
9.432076e-003 0 -1
-3.977577e-002 1.676865e-001 
1
2
7 5 10 12 0 -1
12 5 5 12 0 2
haar_x2
2.265408e-002 0 -1
-2.021420e-001 2.245081e-001 
1
2
12 9 3 9 0 -1
13 10 1 9 0 3
tilted_haar_y3
2.011967e-002 0 -1
1.827591e-002 -2.611977e-001 
1
2
12 9 9 3 0 -1
11 10 9 1 0 3
tilted_haar_y3
6.657095e-003 0 -1
-1.388107e-001 3.124419e-001 
1
2
14 12 2 3 0 -1
14 12 1 3 0 2
haar_x2
7.154529e-003 0 -1
8.255951e-003 -7.738546e-001 
1
2
8 12 2 3 0 -1
9 12 1 3 0 2
haar_x2
1.062143e-003 0 -1
1.273072e-001 -3.601338e-001 
1
2
21 12 2 9 0 -1
21 12 1 9 0 2
tilted_haar_y2
-3.583456e-003 0 -1
1.278519e-001 -9.543356e-002 
1
2
3 12 9 2 0 -1
3 12 9 1 0 2
tilted_haar_y2
1.396783e-002 0 -1
-8.261486e-002 6.001521e-001 
1
2
19 20 2 2 0 -1
19 20 2 1 0 2
tilted_haar_x2
2.143715e-004 0 -1
1.246573e-001 -2.291059e-001 
1
2
12 9 9 1 0 -1
15 12 3 1 0 3
tilted_haar_x3
3.006577e-002 0 -1
-6.774803e-002 6.098068e-001 
1
2
16 16 6 2 0 -1
16 16 6 1 0 2
tilted_haar_x2
-5.908033e-003 0 -1
-2.222564e-001 5.023605e-002 
1
2
12 7 5 12 0 -1
8 11 5 4 0 3
tilted_haar_y3
-1.172645e-001 0 -1
3.418550e-001 -1.220475e-001 
1
2
18 2 6 6 0 -1
20 4 2 6 0 3
tilted_haar_y3
3.631867e-002 0 -1
-4.766199e-002 2.709131e-001 
1
2
6 2 6 6 0 -1
4 4 6 2 0 3
tilted_haar_y3
-2.891373e-002 0 -1
4.185528e-001 -1.160925e-001 
1
2
11 5 12 15 0 -1
15 5 4 15 0 3
haar_x3
-7.644622e-003 0 -1
1.426935e-001 -7.008750e-002 
1
2
1 5 12 15 0 -1
5 5 4 15 0 3
haar_x3
-1.125214e-001 0 -1
-8.159490e-001 5.520643e-002 
1
2
16 16 6 2 0 -1
16 16 6 1 0 2
tilted_haar_x2
1.267534e-004 0 -1
9.048969e-002 -1.115066e-001 
1
2
8 16 2 6 0 -1
8 16 1 6 0 2
tilted_haar_x2
-4.872824e-003 0 -1
-3.898084e-001 1.221709e-001 
1
2
20 20 2 2 0 -1
20 20 2 1 0 2
tilted_haar_x2
5.574683e-004 0 -1
5.645979e-002 -1.586090e-001 
1
2
4 20 2 2 0 -1
4 20 1 2 0 2
tilted_haar_x2
1.116792e-003 0 -1
1.062058e-001 -3.907207e-001 
1
2
19 5 3 3 0 -1
19 6 3 1 0 3
haar_y3
-8.649378e-003 0 -1
-8.293253e-001 9.314842e-003 
1
2
2 5 3 3 0 -1
2 6 3 1 0 3
haar_y3
-4.604078e-003 0 -1
-6.432793e-001 6.167250e-002 
1
2
14 1 3 6 0 -1
15 3 1 2 0 9
haar_point
-2.630076e-003 0 -1
9.883428e-002 -7.205877e-002 
1
2
4 18 3 3 0 -1
4 19 3 1 0 3
haar_y3
-5.143808e-004 0 -1
-2.449092e-001 1.613890e-001 
1
2
17 15 3 7 0 -1
18 15 1 7 0 3
haar_x3
6.109794e-003 0 -1
-8.499209e-002 4.095384e-001 
1
2
3 4 9 10 0 -1
6 4 3 10 0 3
haar_x3
5.746797e-002 0 -1
5.241942e-002 -7.748529e-001 
1
2
14 1 3 6 0 -1
15 3 1 2 0 9
haar_point
7.383647e-003 0 -1
-6.971785e-002 1.507352e-001 
1
2
7 1 3 6 0 -1
8 3 1 2 0 9
haar_point
-7.416302e-003 0 -1
3.008440e-001 -1.327055e-001 
1
2
11 12 3 12 0 -1
12 12 1 12 0 3
haar_x3
-1.035208e-002 0 -1
2.529174e-001 -1.550559e-002 
1
3
8 15 4 2 0 -1
8 15 2 1 0 2
10 16 2 1 0 2
haar_x2_y2
-7.146454e-004 0 -1
-3.495465e-001 1.061058e-001 
1
3
13 10 4 6 0 -1
15 10 2 3 0 2
13 13 2 3 0 2
haar_x2_y2
-1.103911e-002 0 -1
3.525132e-001 -3.555573e-002 
1
3
7 10 4 6 0 -1
7 10 2 3 0 2
9 13 2 3 0 2
haar_x2_y2
9.258959e-004 0 -1
-1.898649e-001 2.082318e-001 
-1.280952e+000

10
-1
