22
1
2
4 12 8 12 0 -1
4 15 8 6 0 2
haar_y4
-3.316598e-002 0 -1
5.224553e-001 -5.430890e-001 
1
2
11 1 12 7 0 -1
11 1 6 7 0 2
haar_x2
3.196778e-002 0 -1
-2.940461e-001 4.300183e-001 
1
2
0 19 24 3 0 -1
6 19 12 3 0 2
haar_x4
-1.063238e-002 0 -1
3.932787e-001 -4.870559e-001 
1
2
6 2 18 7 0 -1
6 2 9 7 0 2
haar_x2
1.836836e-001 0 -1
1.257034e-002 -7.848046e-001 
1
2
0 1 14 8 0 -1
7 1 7 8 0 2
haar_x2
2.349725e-002 0 -1
-3.491326e-001 4.133075e-001 
1
2
16 20 8 3 0 -1
18 20 4 3 0 2
haar_x4
-2.781125e-003 0 -1
1.976332e-001 -1.526860e-001 
1
2
0 20 8 3 0 -1
2 20 4 3 0 2
haar_x4
-8.494830e-004 0 -1
3.654323e-001 -3.151764e-001 
1
2
7 7 12 6 0 -1
10 7 6 6 0 2
haar_x4
-7.405126e-003 0 -1
1.914871e-001 -1.437918e-001 
1
2
5 22 4 1 0 -1
6 22 2 1 0 2
haar_x4
3.519014e-004 0 -1
1.730580e-001 -5.307900e-001 
1
2
18 15 6 2 0 -1
18 15 3 2 0 2
haar_x2
-4.073404e-003 0 -1
3.465373e-001 -1.912696e-001 
1
2
12 5 12 7 0 -1
16 9 4 7 0 3
tilted_haar_x3
1.090631e-001 0 -1
-1.431267e-001 6.131102e-001 
1
2
8 8 14 15 0 -1
8 13 14 5 0 3
haar_y3
-1.513847e-001 0 -1
4.377190e-001 -1.181707e-001 
1
2
10 5 6 10 0 -1
12 7 2 10 0 3
tilted_haar_x3
-2.850031e-002 0 -1
4.729363e-001 -1.708944e-001 
1
2
15 23 3 1 0 -1
16 23 1 1 0 3
haar_x3
-4.811733e-004 0 -1
-3.409947e-001 1.133398e-001 
1
2
8 18 5 4 0 -1
8 20 5 2 0 2
haar_y2
-1.020025e-002 0 -1
5.591460e-001 -1.476533e-001 
1
2
12 1 10 10 0 -1
12 1 5 10 0 2
tilted_haar_y2
-1.774471e-001 0 -1
-4.045291e-001 3.566568e-002 
1
2
4 6 14 11 0 -1
11 6 7 11 0 2
haar_x2
3.183564e-002 0 -1
-2.607363e-001 3.410624e-001 
1
3
18 10 6 8 0 -1
21 10 3 4 0 2
18 14 3 4 0 2
haar_x2_y2
2.188927e-002 0 -1
-5.631938e-002 6.366169e-001 
1
3
0 10 6 8 0 -1
0 10 3 4 0 2
3 14 3 4 0 2
haar_x2_y2
-2.166991e-002 0 -1
5.817312e-001 -1.278666e-001 
1
2
8 2 8 18 0 -1
8 11 8 9 0 2
haar_y2
-1.328965e-001 0 -1
3.871698e-001 -1.803233e-001 
1
2
4 1 15 21 0 -1
4 8 15 7 0 3
haar_y3
2.844678e-001 0 -1
-1.408898e-001 5.563215e-001 
1
2
0 3 24 8 0 -1
0 7 24 4 0 2
haar_y2
-4.918276e-002 0 -1
3.295440e-001 -2.170254e-001 
-1.515379e+000

0
-1
