40
1
2
3 12 12 12 0 -1
3 15 12 6 0 2
haar_y4
-8.681484e-002 0 -1
4.133679e-001 -3.228491e-001 
1
2
12 20 3 4 0 -1
13 20 1 4 0 3
haar_x3
8.120453e-004 0 -1
1.429554e-001 -5.155095e-001 
1
2
10 20 4 4 0 -1
11 20 2 4 0 2
haar_x4
1.378474e-003 0 -1
1.612759e-001 -6.002892e-001 
1
2
12 18 2 6 0 -1
12 18 1 6 0 2
haar_x2
9.957522e-004 0 -1
1.011780e-001 -3.348679e-001 
1
2
9 20 6 4 0 -1
11 20 2 4 0 3
haar_x3
-1.801568e-003 0 -1
-4.808888e-001 2.733916e-001 
1
2
12 1 4 12 0 -1
13 2 2 12 0 2
tilted_haar_y4
2.613794e-002 0 -1
-1.027983e-001 1.955332e-001 
1
2
1 17 6 1 0 -1
1 17 3 1 0 2
tilted_haar_x2
-3.464893e-003 0 -1
-3.931490e-001 1.708021e-001 
1
2
13 9 11 4 0 -1
13 9 11 2 0 2
tilted_haar_x2
8.549921e-002 0 -1
-1.322324e-002 7.968695e-001 
1
2
11 9 4 11 0 -1
11 9 2 11 0 2
tilted_haar_x2
4.062132e-002 0 -1
9.293742e-002 -7.391257e-001 
1
2
12 1 4 12 0 -1
13 2 2 12 0 2
tilted_haar_y4
-1.097576e-002 0 -1
2.278499e-001 -6.770855e-002 
1
2
10 15 2 2 0 -1
11 15 1 2 0 2
haar_x2
-5.275876e-004 0 -1
-4.713346e-001 1.150435e-001 
1
2
12 14 2 4 0 -1
12 14 1 4 0 2
haar_x2
-2.210989e-003 0 -1
-2.585200e-001 3.644320e-002 
1
2
10 15 2 2 0 -1
11 15 1 2 0 2
haar_x2
4.651456e-004 0 -1
1.543870e-001 -3.946470e-001 
1
2
12 16 6 8 0 -1
12 18 6 4 0 2
haar_y4
-3.751981e-002 0 -1
3.444566e-001 -8.956788e-002 
1
3
3 6 8 4 0 -1
3 6 4 2 0 2
7 8 4 2 0 2
haar_x2_y2
-1.667146e-002 0 -1
6.162258e-001 -1.053491e-001 
1
2
15 18 2 4 0 -1
15 18 1 4 0 2
haar_x2
3.572842e-003 0 -1
-6.288379e-002 5.071395e-001 
1
2
7 4 4 6 0 -1
7 7 4 3 0 2
haar_y2
-3.973765e-002 0 -1
7.508311e-001 -5.867953e-002 
1
2
17 17 3 3 0 -1
18 17 1 3 0 3
haar_x3
-5.830890e-003 0 -1
6.286505e-001 -4.695214e-002 
1
2
7 18 2 4 0 -1
8 18 1 4 0 2
haar_x2
-2.736027e-004 0 -1
-2.684360e-001 1.614749e-001 
1
2
15 16 4 8 0 -1
15 16 2 8 0 2
haar_x2
-5.589949e-003 0 -1
1.736403e-001 -1.154433e-001 
1
3
6 20 10 4 0 -1
6 20 5 2 0 2
11 22 5 2 0 2
haar_x2_y2
-2.010390e-002 0 -1
6.315774e-001 -7.331129e-002 
1
2
11 10 10 8 0 -1
11 12 10 4 0 2
haar_y4
-1.156194e-002 0 -1
1.554864e-001 -5.107832e-002 
1
2
1 21 2 1 0 -1
1 21 1 1 0 2
tilted_haar_x2
-9.556965e-004 0 -1
-3.836257e-001 1.101807e-001 
1
2
12 16 4 4 0 -1
11 17 4 2 0 2
tilted_haar_x4
-5.876326e-003 0 -1
1.907702e-001 -1.110386e-001 
1
2
1 21 2 1 0 -1
1 21 1 1 0 2
tilted_haar_x2
1.398716e-003 0 -1
9.029762e-002 -5.490009e-001 
1
2
11 20 11 2 0 -1
11 21 11 1 0 2
haar_y2
1.608232e-003 0 -1
9.351826e-002 -1.255779e-001 
1
2
6 16 3 2 0 -1
7 17 1 2 0 3
tilted_haar_x3
8.135706e-003 0 -1
-7.015644e-002 6.077317e-001 
1
2
23 10 1 3 0 -1
23 11 1 1 0 3
haar_y3
5.600238e-004 0 -1
8.340336e-002 -3.134924e-001 
1
2
8 18 3 6 0 -1
8 21 3 3 0 2
haar_y2
-1.794250e-002 0 -1
6.294554e-001 -7.097682e-002 
1
2
17 22 3 2 0 -1
18 22 1 2 0 3
haar_x3
4.297331e-004 0 -1
8.690602e-002 -1.923859e-001 
1
2
12 7 4 3 0 -1
13 8 2 3 0 2
tilted_haar_x4
-9.842850e-003 0 -1
4.973669e-001 -9.335671e-002 
1
2
23 10 1 3 0 -1
23 11 1 1 0 3
haar_y3
-3.859194e-004 0 -1
-2.551887e-001 1.289274e-001 
1
2
0 13 4 9 0 -1
2 13 2 9 0 2
haar_x2
-2.269755e-002 0 -1
4.661745e-001 -1.144714e-001 
1
2
18 23 4 1 0 -1
19 23 2 1 0 2
haar_x4
4.767690e-004 0 -1
7.202052e-002 -2.077367e-001 
1
2
2 23 4 1 0 -1
3 23 2 1 0 2
haar_x4
-6.579413e-004 0 -1
-4.374414e-001 1.067850e-001 
1
2
13 0 4 13 0 -1
14 1 2 13 0 2
tilted_haar_y4
1.218617e-002 0 -1
-5.736019e-002 8.668233e-002 
1
2
0 10 1 3 0 -1
0 11 1 1 0 3
haar_y3
-4.707767e-004 0 -1
-3.931854e-001 1.159873e-001 
1
2
13 0 4 13 0 -1
14 1 2 13 0 2
tilted_haar_y4
6.316885e-002 0 -1
3.531452e-003 -5.095695e-001 
1
2
11 0 13 4 0 -1
10 1 13 2 0 2
tilted_haar_y4
2.446149e-002 0 -1
-9.269305e-002 4.695581e-001 
1
2
12 6 11 4 0 -1
12 6 11 2 0 2
tilted_haar_x2
9.711829e-002 0 -1
-1.474610e-002 6.911291e-001 
-1.272429e+000

5
-1
