37
1
2
12 19 2 3 0 -1
12 19 1 3 0 2
tilted_haar_x2
-8.632460e-004 0 -1
2.386771e-001 -5.025081e-001 
1
2
10 1 6 8 0 -1
10 3 6 4 0 2
haar_y4
5.236022e-002 0 -1
-1.109319e-001 7.020115e-001 
1
2
4 17 3 3 0 -1
5 17 1 3 0 3
haar_x3
5.740259e-003 0 -1
-1.607985e-001 6.605034e-001 
1
2
10 17 4 7 0 -1
10 17 2 7 0 2
haar_x2
-4.070210e-003 0 -1
-4.731143e-001 1.921402e-001 
1
2
0 18 16 5 0 -1
4 18 8 5 0 2
haar_x4
-7.975331e-003 0 -1
2.182733e-001 -3.427396e-001 
1
2
0 3 24 7 0 -1
6 3 12 7 0 2
haar_x4
8.471328e-002 0 -1
-2.647965e-001 2.893976e-001 
1
2
8 4 8 3 0 -1
8 5 8 1 0 3
haar_y3
-6.475293e-003 0 -1
5.178867e-001 -1.029109e-001 
1
2
8 2 8 4 0 -1
8 3 8 2 0 2
haar_y4
-2.611990e-003 0 -1
3.177013e-001 -1.772886e-001 
1
2
4 22 4 2 0 -1
5 22 2 2 0 2
haar_x4
5.293498e-004 0 -1
1.558920e-001 -3.981563e-001 
1
2
6 19 15 4 0 -1
6 20 15 2 0 2
haar_y4
-2.908510e-002 0 -1
4.607947e-001 -1.085467e-001 
1
2
8 4 7 8 0 -1
8 6 7 4 0 2
haar_y4
-8.654158e-003 0 -1
3.360415e-001 -1.618788e-001 
1
2
23 12 1 4 0 -1
23 14 1 2 0 2
haar_y2
-3.373234e-003 0 -1
-6.582161e-001 5.517443e-002 
1
2
0 12 1 4 0 -1
0 14 1 2 0 2
haar_y2
-2.793179e-003 0 -1
-5.912898e-001 6.327841e-002 
1
2
17 11 6 6 0 -1
17 11 6 3 0 2
tilted_haar_x2
8.369981e-002 0 -1
2.549715e-002 -4.859977e-001 
1
2
5 13 9 3 0 -1
8 13 3 3 0 3
haar_x3
-1.781605e-002 0 -1
-7.703661e-001 6.534271e-002 
1
2
19 14 3 6 0 -1
20 15 1 6 0 3
tilted_haar_y3
1.651198e-003 0 -1
-1.207025e-001 2.017102e-001 
1
2
12 8 9 4 0 -1
15 11 3 4 0 3
tilted_haar_x3
7.187510e-002 0 -1
-8.920007e-002 4.936908e-001 
1
2
19 13 3 7 0 -1
20 14 1 7 0 3
tilted_haar_y3
-1.526076e-002 0 -1
5.223938e-001 -8.976968e-002 
1
2
5 13 7 3 0 -1
4 14 7 1 0 3
tilted_haar_y3
1.017927e-002 0 -1
-7.435691e-002 6.629436e-001 
1
2
14 5 9 12 0 -1
14 11 9 6 0 2
haar_y2
-7.827479e-002 0 -1
2.941469e-001 -9.922875e-002 
1
2
4 9 12 7 0 -1
7 9 6 7 0 2
haar_x4
3.683331e-002 0 -1
6.042340e-002 -7.058576e-001 
1
2
15 12 9 5 0 -1
18 12 3 5 0 3
haar_x3
-5.798439e-003 0 -1
1.581033e-001 -1.377820e-001 
1
2
5 11 6 4 0 -1
4 12 6 2 0 2
tilted_haar_y4
-1.131299e-002 0 -1
3.281296e-001 -1.696962e-001 
1
2
13 13 3 6 0 -1
14 13 1 6 0 3
haar_x3
-1.497118e-005 0 -1
1.556071e-001 -1.312531e-001 
1
2
9 16 3 1 0 -1
10 16 1 1 0 3
haar_x3
2.313075e-004 0 -1
1.326829e-001 -3.582522e-001 
1
2
16 12 8 4 0 -1
16 12 8 2 0 2
tilted_haar_x2
-2.011404e-002 0 -1
-4.625241e-001 5.982159e-002 
1
2
8 12 4 8 0 -1
8 12 2 8 0 2
tilted_haar_x2
2.267482e-002 0 -1
1.209229e-001 -4.530928e-001 
1
2
18 9 6 9 0 -1
20 11 2 9 0 3
tilted_haar_y3
9.795918e-002 0 -1
-3.761148e-002 7.663935e-001 
1
2
7 18 2 2 0 -1
8 18 1 2 0 2
haar_x2
1.478150e-005 0 -1
-2.162396e-001 2.168460e-001 
1
2
12 6 11 6 0 -1
12 6 11 3 0 2
tilted_haar_x2
5.144361e-002 0 -1
-5.616025e-002 9.451965e-002 
1
2
12 6 6 11 0 -1
12 6 3 11 0 2
tilted_haar_x2
-5.519660e-002 0 -1
-6.542762e-001 6.266920e-002 
1
2
14 15 2 4 0 -1
14 15 1 4 0 2
haar_x2
-9.041036e-003 0 -1
-7.846489e-001 -1.662788e-004 
1
2
8 15 2 4 0 -1
9 15 1 4 0 2
haar_x2
-6.182227e-004 0 -1
-4.160287e-001 1.086117e-001 
1
3
15 2 6 18 0 -1
18 2 3 9 0 2
15 11 3 9 0 2
haar_x2_y2
9.048233e-002 0 -1
-1.903583e-002 9.118969e-001 
1
2
7 7 3 4 0 -1
8 8 1 4 0 3
tilted_haar_x3
-7.904512e-004 0 -1
2.559232e-001 -1.864609e-001 
1
2
14 4 5 3 0 -1
13 5 5 1 0 3
tilted_haar_x3
-3.753569e-003 0 -1
2.515147e-001 -8.371439e-002 
1
2
10 4 3 5 0 -1
11 5 1 5 0 3
tilted_haar_x3
1.173340e-002 0 -1
-9.084563e-002 5.523493e-001 
-1.317073e+000

8
-1
