46
1
2
3 0 17 20 0 -1
3 5 17 10 0 2
haar_y4
1.677706e-001 0 -1
-2.838028e-001 3.868064e-001 
1
2
12 20 2 4 0 -1
12 20 1 4 0 2
haar_x2
-1.082924e-003 0 -1
-5.199937e-001 1.032235e-001 
1
2
9 19 6 5 0 -1
11 19 2 5 0 3
haar_x3
3.281769e-003 0 -1
1.374596e-001 -5.918226e-001 
1
2
11 19 12 4 0 -1
14 19 6 4 0 2
haar_x4
-1.127013e-002 0 -1
2.146740e-001 -1.217717e-001 
1
2
7 17 4 4 0 -1
9 17 2 4 0 2
haar_x2
-1.668143e-003 0 -1
-4.522319e-001 1.559405e-001 
1
2
14 19 1 4 0 -1
14 19 1 2 0 2
tilted_haar_x2
-1.709522e-005 0 -1
1.002054e-001 -2.734998e-001 
1
2
5 19 8 5 0 -1
7 19 4 5 0 2
haar_x4
3.999036e-003 0 -1
8.052175e-002 -5.125319e-001 
1
2
15 22 3 2 0 -1
16 22 1 2 0 3
haar_x3
-3.756883e-003 0 -1
-5.648320e-001 3.870663e-002 
1
2
12 5 4 10 0 -1
13 6 2 10 0 2
tilted_haar_x4
-5.739361e-003 0 -1
2.654515e-001 -2.108122e-001 
1
2
16 5 5 4 0 -1
15 6 5 2 0 2
tilted_haar_x4
2.145387e-002 0 -1
-3.887280e-002 4.355848e-001 
1
2
8 5 4 5 0 -1
9 6 2 5 0 2
tilted_haar_x4
-8.870954e-003 0 -1
4.495624e-001 -1.277161e-001 
1
2
12 16 3 1 0 -1
13 16 1 1 0 3
haar_x3
-4.152104e-004 0 -1
-3.126411e-001 6.464425e-002 
1
2
4 16 15 3 0 -1
9 16 5 3 0 3
haar_x3
-1.464189e-002 0 -1
3.369772e-001 -1.399172e-001 
1
2
17 8 6 7 0 -1
19 10 2 7 0 3
tilted_haar_y3
4.639436e-002 0 -1
-1.083647e-001 5.139466e-001 
1
2
12 1 12 1 0 -1
12 1 6 1 0 2
tilted_haar_x2
3.062195e-002 0 -1
-9.761037e-002 4.506070e-001 
1
2
11 16 3 1 0 -1
12 16 1 1 0 3
haar_x3
4.506715e-004 0 -1
7.060902e-002 -3.348859e-001 
1
2
9 22 2 2 0 -1
10 22 1 2 0 2
haar_x2
5.603701e-004 0 -1
9.818160e-002 -4.810204e-001 
1
2
11 20 4 2 0 -1
11 21 4 1 0 2
haar_y2
-5.275935e-003 0 -1
6.183308e-001 -6.579462e-002 
1
3
1 10 4 6 0 -1
1 10 2 3 0 2
3 13 2 3 0 2
haar_x2_y2
-5.820632e-003 0 -1
3.377272e-001 -1.374701e-001 
1
2
22 20 2 2 0 -1
22 20 2 1 0 2
tilted_haar_x2
3.872915e-004 0 -1
8.124904e-002 -1.454358e-001 
1
2
2 20 2 2 0 -1
2 20 1 2 0 2
tilted_haar_x2
-3.581417e-003 0 -1
-5.663248e-001 8.193303e-002 
1
2
10 15 6 9 0 -1
12 18 2 3 0 9
haar_point
-5.688364e-002 0 -1
2.049795e-001 -9.094194e-002 
1
3
5 5 2 6 0 -1
5 5 1 3 0 2
6 8 1 3 0 2
haar_x2_y2
1.119832e-003 0 -1
-1.363260e-001 3.279588e-001 
1
2
12 16 2 2 0 -1
12 16 1 2 0 2
haar_x2
-1.437979e-003 0 -1
-3.461216e-001 4.989251e-002 
1
2
0 5 9 19 0 -1
3 5 3 19 0 3
haar_x3
-1.164385e-001 0 -1
-8.552765e-001 4.631481e-002 
1
2
16 1 4 9 0 -1
16 1 2 9 0 2
haar_x2
5.981948e-003 0 -1
-1.175785e-001 1.255741e-001 
1
2
4 1 4 9 0 -1
6 1 2 9 0 2
haar_x2
2.756242e-003 0 -1
-2.389552e-001 1.996190e-001 
1
2
20 14 4 4 0 -1
21 14 2 4 0 2
haar_x4
-8.062154e-003 0 -1
3.678871e-001 -4.026626e-002 
1
2
0 14 4 4 0 -1
1 14 2 4 0 2
haar_x4
-8.500727e-003 0 -1
6.747487e-001 -6.665804e-002 
1
2
19 19 2 4 0 -1
19 19 1 4 0 2
haar_x2
6.921426e-003 0 -1
2.408143e-002 -5.028495e-001 
1
2
0 15 24 7 0 -1
12 15 12 7 0 2
haar_x2
-4.838173e-002 0 -1
-4.003814e-001 1.035272e-001 
1
2
16 15 3 2 0 -1
17 16 1 2 0 3
tilted_haar_y3
-6.643996e-003 0 -1
3.878268e-001 -7.575012e-002 
1
2
3 12 4 10 0 -1
4 12 2 10 0 2
haar_x4
-1.255309e-003 0 -1
2.380902e-001 -2.040000e-001 
1
2
13 15 3 1 0 -1
14 15 1 1 0 3
haar_x3
-1.599614e-003 0 -1
-4.734663e-001 4.482060e-002 
1
2
5 16 4 8 0 -1
7 16 2 8 0 2
haar_x2
-1.084395e-002 0 -1
3.812590e-001 -1.170449e-001 
1
2
15 16 6 1 0 -1
15 16 3 1 0 2
tilted_haar_y2
-2.152799e-002 0 -1
-4.889907e-001 3.452880e-002 
1
2
3 3 4 10 0 -1
4 3 2 10 0 2
haar_x4
-1.342365e-002 0 -1
-7.805703e-001 5.571592e-002 
1
2
11 15 3 2 0 -1
12 15 1 2 0 3
haar_x3
-1.082006e-003 0 -1
-1.881520e-001 2.605943e-002 
1
2
3 22 3 2 0 -1
4 22 1 2 0 3
haar_x3
2.381889e-004 0 -1
1.320915e-001 -3.188430e-001 
1
2
15 9 9 6 0 -1
18 12 3 6 0 3
tilted_haar_y3
8.636452e-002 0 -1
-4.975149e-002 4.372848e-001 
1
3
2 10 6 4 0 -1
2 10 3 2 0 2
5 12 3 2 0 2
haar_x2_y2
1.974811e-003 0 -1
-1.518014e-001 2.841247e-001 
1
2
14 14 6 5 0 -1
16 14 2 5 0 3
haar_x3
-3.137472e-003 0 -1
2.117347e-001 -1.363994e-001 
1
2
4 14 6 5 0 -1
6 14 2 5 0 3
haar_x3
-1.261621e-004 0 -1
1.735676e-001 -2.694505e-001 
1
2
13 15 3 1 0 -1
14 15 1 1 0 3
haar_x3
1.121383e-004 0 -1
8.071770e-002 -1.083556e-001 
1
2
8 15 3 1 0 -1
9 15 1 1 0 3
haar_x3
2.963762e-004 0 -1
1.296759e-001 -3.378380e-001 
1
3
16 13 4 8 0 -1
18 13 2 4 0 2
16 17 2 4 0 2
haar_x2_y2
-9.796340e-003 0 -1
3.099903e-001 -1.078017e-001 
-1.210024e+000

7
-1
