34
1
2
10 20 2 2 0 -1
10 20 2 1 0 2
tilted_haar_y2
-4.168002e-005 0 -1
3.449016e-001 -6.834219e-001 
1
2
6 8 15 14 0 -1
6 15 15 7 0 2
haar_y2
-7.754190e-002 0 -1
2.428214e-001 -4.168695e-001 
1
2
2 8 16 2 0 -1
6 8 8 2 0 2
haar_x4
-1.467941e-002 0 -1
5.269285e-001 -1.887416e-001 
1
2
10 1 12 7 0 -1
10 1 6 7 0 2
haar_x2
2.200927e-002 0 -1
-2.206401e-001 3.223188e-001 
1
2
5 14 3 3 0 -1
4 15 3 1 0 3
tilted_haar_y3
6.589893e-004 0 -1
-3.113774e-001 2.582220e-001 
1
2
20 20 2 4 0 -1
20 20 1 4 0 2
haar_x2
-2.994896e-005 0 -1
1.924288e-001 -2.502361e-001 
1
2
4 0 8 12 0 -1
8 0 4 12 0 2
haar_x2
3.250316e-003 0 -1
-3.630817e-001 2.300742e-001 
1
2
12 19 12 4 0 -1
15 19 6 4 0 2
haar_x4
-8.588869e-003 0 -1
2.246983e-001 -2.003625e-001 
1
2
0 18 20 6 0 -1
5 18 10 6 0 2
haar_x4
-1.224459e-003 0 -1
2.178020e-001 -4.480169e-001 
1
2
11 16 6 8 0 -1
11 18 6 4 0 2
haar_y4
2.709881e-003 0 -1
-1.298652e-001 3.013915e-001 
1
2
3 16 16 2 0 -1
7 16 8 2 0 2
haar_x4
1.406665e-002 0 -1
-1.897028e-001 5.280852e-001 
1
2
22 12 2 12 0 -1
22 12 1 12 0 2
haar_x2
-5.276406e-005 0 -1
1.371619e-001 -2.169038e-001 
1
2
0 12 2 12 0 -1
1 12 1 12 0 2
haar_x2
-8.571312e-005 0 -1
2.611465e-001 -3.883377e-001 
1
2
23 10 1 2 0 -1
23 11 1 1 0 2
haar_y2
-2.998895e-005 0 -1
1.607013e-001 -1.418405e-001 
1
2
7 4 8 9 0 -1
9 4 4 9 0 2
haar_x4
-5.338273e-005 0 -1
2.681245e-001 -2.909420e-001 
1
2
11 17 3 2 0 -1
12 17 1 2 0 3
haar_x3
8.449140e-004 0 -1
8.733436e-002 -3.842320e-001 
1
2
6 23 3 1 0 -1
7 23 1 1 0 3
haar_x3
-4.125648e-004 0 -1
-5.078830e-001 1.583730e-001 
1
2
19 10 5 4 0 -1
18 11 5 2 0 2
tilted_haar_x4
-1.632417e-003 0 -1
1.324823e-001 -1.235507e-001 
1
2
5 10 4 5 0 -1
6 11 2 5 0 2
tilted_haar_x4
1.117614e-002 0 -1
-1.293747e-001 5.251412e-001 
1
2
15 8 6 15 0 -1
15 13 6 5 0 3
haar_y3
9.692422e-002 0 -1
-7.356667e-002 4.915556e-001 
1
2
3 8 6 15 0 -1
3 13 6 5 0 3
haar_y3
-6.531949e-002 0 -1
3.818090e-001 -2.412428e-001 
1
2
12 0 12 12 0 -1
9 3 12 6 0 2
tilted_haar_x4
1.817036e-002 0 -1
-9.529017e-002 1.558802e-001 
1
3
8 2 8 20 0 -1
8 2 4 10 0 2
12 12 4 10 0 2
haar_x2_y2
-6.134037e-005 0 -1
2.982778e-001 -3.276258e-001 
1
2
0 4 24 12 0 -1
0 8 24 4 0 3
haar_y3
-1.566890e-002 0 -1
2.984240e-001 -2.428361e-001 
1
2
6 23 3 1 0 -1
7 23 1 1 0 3
haar_x3
5.786561e-004 0 -1
1.067032e-001 -6.545749e-001 
1
2
17 9 7 2 0 -1
17 9 7 1 0 2
tilted_haar_x2
-5.762678e-004 0 -1
1.831148e-001 -4.373192e-002 
1
2
7 9 2 7 0 -1
7 9 1 7 0 2
tilted_haar_x2
1.176385e-002 0 -1
-1.265412e-001 5.190640e-001 
1
2
17 1 7 16 0 -1
13 5 7 8 0 2
tilted_haar_x4
1.694260e-001 0 -1
-1.133862e-001 4.524893e-001 
1
2
11 9 9 1 0 -1
14 12 3 1 0 3
tilted_haar_x3
-1.164888e-002 0 -1
4.631990e-001 -1.626295e-001 
1
2
12 15 1 8 0 -1
10 17 1 4 0 2
tilted_haar_x4
4.067373e-003 0 -1
-5.048839e-002 2.981634e-001 
1
2
12 15 8 1 0 -1
14 17 4 1 0 2
tilted_haar_x4
-7.063265e-003 0 -1
3.715915e-001 -2.535990e-001 
1
2
7 17 15 2 0 -1
12 17 5 2 0 3
haar_x3
9.717487e-003 0 -1
-6.232704e-002 2.248585e-001 
1
2
2 17 15 7 0 -1
7 17 5 7 0 3
haar_x3
-2.095080e-003 0 -1
2.140047e-001 -3.626370e-001 
1
2
14 19 4 3 0 -1
14 19 2 3 0 2
haar_x2
-5.842076e-005 0 -1
8.829648e-002 -1.220840e-001 
-1.589483e+000

6
-1
