41
1
2
12 6 11 3 0 -1
11 7 11 1 0 3
tilted_haar_y3
-9.225519e-003 0 -1
4.939245e-001 -2.092309e-001 
1
2
19 17 4 7 0 -1
19 17 2 7 0 2
haar_x2
-8.872880e-003 0 -1
3.263117e-001 -1.505578e-001 
1
2
1 17 4 7 0 -1
3 17 2 7 0 2
haar_x2
-1.830855e-003 0 -1
2.018976e-001 -4.418986e-001 
1
2
16 3 7 4 0 -1
15 4 7 2 0 2
tilted_haar_x4
2.157030e-002 0 -1
-2.086234e-001 5.253730e-001 
1
2
0 23 12 1 0 -1
3 23 6 1 0 2
haar_x4
-2.985302e-003 0 -1
-5.087642e-001 1.723554e-001 
1
2
15 4 4 3 0 -1
14 5 4 1 0 3
tilted_haar_x3
-4.347511e-003 0 -1
2.709910e-001 -9.973729e-002 
1
2
1 8 15 14 0 -1
1 15 15 7 0 2
haar_y2
-7.750808e-002 0 -1
2.123194e-001 -3.154688e-001 
1
2
9 11 6 1 0 -1
11 11 2 1 0 3
haar_x3
-9.200973e-004 0 -1
3.267165e-001 -1.844784e-001 
1
2
12 8 4 9 0 -1
13 9 2 9 0 2
tilted_haar_x4
8.466216e-003 0 -1
-1.269417e-001 4.090961e-001 
1
2
8 17 13 6 0 -1
8 19 13 2 0 3
haar_y3
4.445866e-003 0 -1
-1.080564e-001 2.193208e-001 
1
3
4 4 6 4 0 -1
4 4 3 2 0 2
7 6 3 2 0 2
haar_x2_y2
2.088486e-003 0 -1
-1.733126e-001 3.214896e-001 
1
2
6 16 14 4 0 -1
6 17 14 2 0 2
haar_y4
3.134301e-003 0 -1
-1.562401e-001 3.181849e-001 
1
3
3 1 8 10 0 -1
3 1 4 5 0 2
7 6 4 5 0 2
haar_x2_y2
-2.193698e-002 0 -1
3.753160e-001 -1.367303e-001 
1
2
18 13 3 3 0 -1
17 14 3 1 0 3
tilted_haar_x3
6.060660e-003 0 -1
-8.501287e-002 4.550365e-001 
1
2
6 13 3 3 0 -1
7 14 1 3 0 3
tilted_haar_x3
-1.355363e-002 0 -1
7.434727e-001 -8.296973e-002 
1
2
7 1 12 13 0 -1
7 1 6 13 0 2
haar_x2
-1.874287e-002 0 -1
1.599747e-001 -1.404534e-001 
1
2
3 11 2 8 0 -1
4 11 1 8 0 2
haar_x2
2.015036e-003 0 -1
-1.223585e-001 3.975210e-001 
1
2
20 3 4 2 0 -1
20 3 2 2 0 2
tilted_haar_y2
-1.815006e-002 0 -1
-7.098833e-001 3.420547e-002 
1
2
7 4 4 7 0 -1
8 5 2 7 0 2
tilted_haar_x4
1.566158e-002 0 -1
-1.086165e-001 4.171123e-001 
1
2
17 4 7 3 0 -1
16 5 7 1 0 3
tilted_haar_x3
-2.483600e-003 0 -1
1.544010e-001 -1.035873e-001 
1
2
7 4 3 7 0 -1
8 5 1 7 0 3
tilted_haar_x3
-1.018982e-002 0 -1
4.945641e-001 -9.795192e-002 
1
2
21 13 3 6 0 -1
22 14 1 6 0 3
tilted_haar_y3
2.170028e-003 0 -1
-9.231928e-002 2.235358e-001 
1
2
8 5 3 5 0 -1
9 6 1 5 0 3
tilted_haar_x3
-7.258576e-003 0 -1
4.235626e-001 -1.078482e-001 
1
2
12 2 10 8 0 -1
12 2 5 8 0 2
haar_x2
2.573062e-002 0 -1
-1.473735e-001 1.824128e-001 
1
2
3 13 7 3 0 -1
2 14 7 1 0 3
tilted_haar_y3
3.167032e-003 0 -1
-1.406047e-001 3.342841e-001 
1
2
12 15 1 8 0 -1
10 17 1 4 0 2
tilted_haar_x4
-9.891888e-003 0 -1
1.892672e-001 -1.052950e-001 
1
2
2 1 20 18 0 -1
2 10 20 9 0 2
haar_y2
-3.031843e-001 0 -1
3.328665e-001 -1.419867e-001 
1
2
12 9 4 9 0 -1
9 12 4 3 0 3
tilted_haar_x3
3.450690e-002 0 -1
-4.991961e-002 2.007152e-001 
1
2
12 13 6 5 0 -1
14 15 2 5 0 3
tilted_haar_x3
4.653260e-002 0 -1
-7.029242e-002 8.201011e-001 
1
2
14 13 3 2 0 -1
14 14 3 1 0 2
haar_y2
-2.144393e-004 0 -1
2.070956e-001 -2.639052e-001 
1
2
5 20 9 4 0 -1
5 21 9 2 0 2
haar_y4
8.848649e-005 0 -1
-2.475733e-001 2.359771e-001 
1
2
6 20 12 2 0 -1
6 21 12 1 0 2
haar_y2
-2.480912e-003 0 -1
3.679643e-001 -1.614755e-001 
1
2
11 19 3 2 0 -1
11 19 3 1 0 2
tilted_haar_y2
-2.226895e-005 0 -1
1.836454e-001 -3.472951e-001 
1
2
12 0 10 11 0 -1
12 0 5 11 0 2
haar_x2
1.404013e-001 0 -1
1.507791e-002 -8.446734e-001 
1
2
2 5 1 3 0 -1
2 6 1 1 0 3
haar_y3
9.479863e-004 0 -1
1.052952e-001 -4.895603e-001 
1
2
18 0 3 1 0 -1
19 1 1 1 0 3
tilted_haar_y3
5.766542e-003 0 -1
1.985969e-002 -4.058318e-001 
1
2
6 0 1 3 0 -1
5 1 1 1 0 3
tilted_haar_y3
-3.332859e-003 0 -1
-5.745161e-001 8.144074e-002 
1
2
11 7 2 5 0 -1
11 7 1 5 0 2
haar_x2
2.083783e-003 0 -1
-1.139313e-001 4.319292e-001 
1
2
0 23 4 1 0 -1
1 23 2 1 0 2
haar_x4
-1.238093e-003 0 -1
-6.190593e-001 7.156603e-002 
1
2
15 14 3 6 0 -1
16 15 1 6 0 3
tilted_haar_y3
5.237279e-003 0 -1
-8.564245e-002 3.927362e-001 
1
2
0 16 12 2 0 -1
3 16 6 2 0 2
haar_x4
-3.098247e-003 0 -1
1.680069e-001 -2.434666e-001 
-1.342286e+000

9
-1
