66
1
2
1 9 10 1 0 -1
1 9 5 1 0 2
tilted_haar_x2
7.645740e-003 0 -1
-3.772989e-001 2.194395e-001 
1
2
12 1 5 9 0 -1
12 4 5 3 0 3
haar_y3
6.596389e-002 0 -1
-7.662896e-002 5.011181e-001 
1
2
5 17 4 2 0 -1
6 17 2 2 0 2
haar_x4
-3.804664e-003 0 -1
5.814798e-001 -1.769074e-001 
1
2
22 21 2 3 0 -1
22 21 1 3 0 2
haar_x2
-2.727286e-003 0 -1
2.871624e-001 3.655989e-002 
1
2
0 19 2 5 0 -1
1 19 1 5 0 2
haar_x2
-5.413611e-005 0 -1
1.739754e-001 -4.058441e-001 
1
3
6 9 12 14 0 -1
12 9 6 7 0 2
6 16 6 7 0 2
haar_x2_y2
-1.439317e-002 0 -1
-4.375633e-001 1.242324e-001 
1
2
5 16 3 3 0 -1
6 16 1 3 0 3
haar_x3
6.085255e-003 0 -1
-5.624323e-002 7.715905e-001 
1
2
0 19 24 2 0 -1
0 19 12 2 0 2
haar_x2
-3.351189e-003 0 -1
2.205708e-001 -2.721607e-001 
1
2
0 18 3 6 0 -1
1 18 1 6 0 3
haar_x3
-8.478583e-004 0 -1
-4.341004e-001 1.370735e-001 
1
2
9 11 9 3 0 -1
9 12 9 1 0 3
haar_y3
5.308790e-003 0 -1
-1.602642e-001 2.602138e-001 
1
2
9 0 6 8 0 -1
9 2 6 4 0 2
haar_y4
6.007813e-002 0 -1
-5.266139e-002 8.087839e-001 
1
2
10 15 4 4 0 -1
10 17 4 2 0 2
haar_y2
-1.541218e-003 0 -1
1.961010e-001 -2.985366e-001 
1
2
12 16 6 2 0 -1
12 16 6 1 0 2
tilted_haar_y2
-1.014665e-003 0 -1
2.260206e-001 -2.452569e-001 
1
2
9 17 8 6 0 -1
9 20 8 3 0 2
haar_y2
-3.920358e-002 0 -1
5.182803e-001 -8.588224e-002 
1
3
2 6 10 4 0 -1
2 6 5 2 0 2
7 8 5 2 0 2
haar_x2_y2
-2.582523e-002 0 -1
5.908757e-001 -7.907066e-002 
1
2
19 16 3 1 0 -1
20 17 1 1 0 3
tilted_haar_y3
-3.114987e-003 0 -1
3.626623e-001 -7.461466e-002 
1
2
8 15 3 1 0 -1
9 15 1 1 0 3
haar_x3
-6.199041e-004 0 -1
-5.230687e-001 8.196160e-002 
1
2
9 5 6 10 0 -1
11 5 2 10 0 3
haar_x3
-6.675816e-003 0 -1
2.369637e-001 -1.770884e-001 
1
2
2 16 6 2 0 -1
2 16 6 1 0 2
tilted_haar_y2
-1.697638e-002 0 -1
4.923761e-001 -8.137249e-002 
1
2
10 5 5 4 0 -1
10 6 5 2 0 2
haar_y4
-4.572769e-003 0 -1
3.245054e-001 -9.331162e-002 
1
2
8 2 6 6 0 -1
8 4 6 2 0 3
haar_y3
-5.138294e-003 0 -1
2.654963e-001 -1.525504e-001 
1
2
23 6 1 3 0 -1
23 7 1 1 0 3
haar_y3
-6.242536e-004 0 -1
-2.486137e-001 6.787619e-002 
1
2
2 6 14 2 0 -1
2 7 14 1 0 2
haar_y2
-1.950873e-003 0 -1
2.387234e-001 -1.790325e-001 
1
2
12 8 7 8 0 -1
10 10 7 4 0 2
tilted_haar_x4
3.568728e-002 0 -1
-4.855727e-002 1.599654e-001 
1
2
12 4 12 6 0 -1
12 4 6 6 0 2
tilted_haar_x2
5.556198e-002 0 -1
-2.149803e-001 1.975062e-001 
1
2
6 20 18 3 0 -1
12 21 6 1 0 9
haar_point
-9.098108e-002 0 -1
4.110400e-001 -5.809371e-002 
1
2
1 20 18 3 0 -1
7 21 6 1 0 9
haar_point
4.393960e-002 0 -1
-6.543890e-002 6.314374e-001 
1
2
10 22 13 2 0 -1
10 23 13 1 0 2
haar_y2
5.084239e-005 0 -1
-1.661917e-001 6.868040e-002 
1
2
7 0 6 17 0 -1
10 0 3 17 0 2
haar_x2
9.473563e-004 0 -1
-2.609088e-001 1.707425e-001 
1
2
6 2 12 12 0 -1
10 2 4 12 0 3
haar_x3
-1.616772e-003 0 -1
2.332440e-001 -2.161535e-001 
1
2
0 6 24 5 0 -1
8 6 8 5 0 3
haar_x3
2.920729e-002 0 -1
-2.249265e-001 2.245258e-001 
1
2
5 15 15 9 0 -1
10 15 5 9 0 3
haar_x3
-6.689660e-003 0 -1
1.928412e-001 -2.250986e-001 
1
2
7 8 8 16 0 -1
7 12 8 8 0 2
haar_y4
1.297464e-002 0 -1
-1.761763e-001 3.351760e-001 
1
2
17 9 4 12 0 -1
17 12 4 6 0 2
haar_y4
-5.712162e-003 0 -1
2.054259e-001 -2.084825e-001 
1
2
9 1 15 2 0 -1
14 6 5 2 0 3
tilted_haar_x3
-8.944998e-004 0 -1
3.067119e-001 -1.872335e-001 
1
2
13 8 8 4 0 -1
13 8 4 4 0 2
tilted_haar_y2
4.697102e-003 0 -1
-1.654125e-001 1.146715e-001 
1
2
10 5 3 4 0 -1
10 7 3 2 0 2
haar_y2
5.497604e-004 0 -1
-2.100147e-001 2.718953e-001 
1
2
14 6 10 4 0 -1
13 7 10 2 0 2
tilted_haar_x4
-1.640074e-003 0 -1
1.800979e-001 -1.951331e-001 
1
2
0 11 9 11 0 -1
3 11 3 11 0 3
haar_x3
-3.093414e-003 0 -1
1.933492e-001 -2.867009e-001 
1
2
20 13 4 2 0 -1
20 13 2 2 0 2
haar_x2
4.753977e-003 0 -1
-1.094374e-001 4.313230e-001 
1
2
5 16 3 4 0 -1
5 17 3 2 0 2
haar_y4
2.084663e-004 0 -1
-2.278778e-001 2.734246e-001 
1
2
18 18 3 2 0 -1
19 19 1 2 0 3
tilted_haar_y3
-4.665560e-003 0 -1
2.859842e-001 -1.152279e-001 
1
2
3 19 15 4 0 -1
3 20 15 2 0 2
haar_y4
2.717419e-005 0 -1
-2.128315e-001 3.511470e-001 
1
2
15 21 1 2 0 -1
15 22 1 1 0 2
haar_y2
3.426907e-005 0 -1
-2.205279e-001 6.845335e-002 
1
2
4 21 1 2 0 -1
4 21 1 1 0 2
tilted_haar_y2
-5.796173e-005 0 -1
2.285480e-001 -4.084436e-001 
1
3
12 22 10 2 0 -1
17 22 5 1 0 2
12 23 5 1 0 2
haar_x2_y2
-8.142844e-004 0 -1
1.980456e-001 -1.061213e-001 
1
3
2 22 10 2 0 -1
2 22 5 1 0 2
7 23 5 1 0 2
haar_x2_y2
4.766155e-005 0 -1
-3.285461e-001 2.717253e-001 
1
2
12 2 2 8 0 -1
12 2 1 8 0 2
haar_x2
2.352560e-003 0 -1
-9.250923e-002 2.823234e-001 
1
2
10 2 2 8 0 -1
11 2 1 8 0 2
haar_x2
8.647637e-005 0 -1
-3.235296e-001 2.406429e-001 
1
2
13 21 4 3 0 -1
13 22 4 1 0 3
haar_y3
1.383224e-005 0 -1
-2.046888e-001 8.705666e-002 
1
2
4 18 6 2 0 -1
6 18 2 2 0 3
haar_x3
-5.442607e-005 0 -1
2.264354e-001 -4.112923e-001 
1
2
10 12 9 2 0 -1
13 12 3 2 0 3
haar_x3
-9.472985e-004 0 -1
2.086827e-001 -1.329217e-001 
1
2
5 12 9 2 0 -1
8 12 3 2 0 3
haar_x3
-4.866080e-004 0 -1
3.414511e-001 -2.510283e-001 
1
2
15 17 4 3 0 -1
16 18 2 3 0 2
tilted_haar_y4
2.783104e-005 0 -1
-1.510579e-001 2.469485e-001 
1
3
2 17 14 4 0 -1
2 17 7 2 0 2
9 19 7 2 0 2
haar_x2_y2
-3.665034e-004 0 -1
2.328341e-001 -3.312506e-001 
1
2
13 12 1 2 0 -1
13 12 1 1 0 2
tilted_haar_x2
1.421159e-005 0 -1
-2.734631e-001 1.867719e-001 
1
3
5 10 6 4 0 -1
5 10 3 2 0 2
8 12 3 2 0 2
haar_x2_y2
2.448570e-003 0 -1
-2.471205e-001 3.462576e-001 
1
2
20 5 4 2 0 -1
20 5 2 2 0 2
tilted_haar_y2
6.787445e-005 0 -1
-2.393196e-001 1.331712e-001 
1
2
1 4 4 11 0 -1
3 4 2 11 0 2
haar_x2
7.200350e-005 0 -1
-3.527897e-001 2.563284e-001 
1
2
9 7 6 10 0 -1
11 7 2 10 0 3
haar_x3
-1.590751e-005 0 -1
2.640129e-001 -4.154468e-001 
1
2
9 17 3 4 0 -1
8 18 3 2 0 2
tilted_haar_y4
2.729724e-004 0 -1
-2.112181e-001 4.219470e-001 
1
2
16 20 2 2 0 -1
16 20 1 2 0 2
tilted_haar_y2
-1.603482e-005 0 -1
1.251248e-001 -3.666326e-001 
1
3
6 21 12 2 0 -1
6 21 6 1 0 2
12 22 6 1 0 2
haar_x2_y2
-2.215335e-005 0 -1
3.104898e-001 -2.720100e-001 
1
2
10 9 4 13 0 -1
11 9 2 13 0 2
haar_x4
2.836833e-004 0 -1
-2.233231e-001 3.422094e-001 
1
2
6 9 3 15 0 -1
7 9 1 15 0 3
haar_x3
1.821247e-003 0 -1
-2.268309e-001 4.333853e-001 
1
2
12 13 6 3 0 -1
11 14 6 1 0 3
tilted_haar_x3
8.434863e-004 0 -1
-1.809940e-001 2.009630e-001 
-1.566530e+000

12
-1
