12
1
2
0 18 24 4 0 -1
6 18 12 4 0 2
haar_x4
-1.083934e-002 0 -1
5.634346e-001 -6.963524e-001 
1
2
9 12 13 12 0 -1
9 15 13 6 0 2
haar_y4
-4.454352e-002 0 -1
5.055717e-001 -4.200310e-001 
1
2
0 3 24 6 0 -1
6 3 12 6 0 2
haar_x4
3.994889e-002 0 -1
-4.218898e-001 6.250164e-001 
1
2
12 15 12 5 0 -1
15 15 6 5 0 2
haar_x4
-1.629471e-002 0 -1
4.824465e-001 -1.566847e-001 
1
2
0 15 12 4 0 -1
3 15 6 4 0 2
haar_x4
-5.910907e-003 0 -1
4.641860e-001 -3.956139e-001 
1
2
8 5 9 11 0 -1
11 5 3 11 0 3
haar_x3
-7.396359e-003 0 -1
3.125537e-001 -2.611770e-001 
1
2
3 23 3 1 0 -1
4 23 1 1 0 3
haar_x3
5.417225e-004 0 -1
1.591858e-001 -6.706979e-001 
1
2
14 8 9 7 0 -1
17 11 3 7 0 3
tilted_haar_y3
8.616526e-002 0 -1
-1.080842e-001 5.261846e-001 
1
2
6 23 3 1 0 -1
7 23 1 1 0 3
haar_x3
4.851780e-004 0 -1
1.813875e-001 -6.079805e-001 
1
2
16 10 6 1 0 -1
16 10 3 1 0 2
tilted_haar_y2
6.540686e-003 0 -1
-1.060943e-001 1.946025e-001 
1
2
9 8 8 8 0 -1
7 10 8 4 0 2
tilted_haar_y4
4.415357e-002 0 -1
-1.381481e-001 7.433157e-001 
1
2
10 8 9 15 0 -1
10 13 9 5 0 3
haar_y3
-3.558185e-002 0 -1
3.260916e-001 -2.079782e-001 
-1.690016e+000

-1
-1
