35
1
2
2 12 15 12 0 -1
2 15 15 6 0 2
haar_y4
-9.812568e-002 0 -1
4.698398e-001 -3.591049e-001 
1
2
6 0 14 8 0 -1
6 4 14 4 0 2
haar_y2
2.676384e-002 0 -1
-2.685541e-001 4.175356e-001 
1
2
0 14 12 5 0 -1
3 14 6 5 0 2
haar_x4
-7.818618e-003 0 -1
2.717533e-001 -3.496185e-001 
1
2
18 23 3 1 0 -1
19 23 1 1 0 3
haar_x3
3.725242e-004 0 -1
1.033129e-001 -3.995185e-001 
1
2
3 23 3 1 0 -1
4 23 1 1 0 3
haar_x3
3.615811e-004 0 -1
1.464041e-001 -6.247369e-001 
1
2
11 18 9 5 0 -1
14 18 3 5 0 3
haar_x3
-3.181565e-003 0 -1
9.755633e-002 -2.011825e-001 
1
2
4 18 9 5 0 -1
7 18 3 5 0 3
haar_x3
1.516438e-003 0 -1
2.459714e-001 -3.615608e-001 
1
2
20 8 4 12 0 -1
17 11 4 6 0 2
tilted_haar_x4
1.372873e-001 0 -1
-3.197341e-002 8.067935e-001 
1
2
0 2 24 9 0 -1
6 2 12 9 0 2
haar_x4
7.772660e-002 0 -1
-2.180741e-001 3.120639e-001 
1
2
10 15 6 1 0 -1
12 15 2 1 0 3
haar_x3
7.747827e-004 0 -1
7.893100e-002 -1.939725e-001 
1
2
8 15 6 1 0 -1
10 15 2 1 0 3
haar_x3
1.215514e-003 0 -1
1.467080e-001 -4.905789e-001 
1
2
11 9 5 15 0 -1
11 14 5 5 0 3
haar_y3
4.599365e-002 0 -1
-9.692127e-002 3.995314e-001 
1
2
1 20 2 3 0 -1
2 20 1 3 0 2
haar_x2
-5.021863e-005 0 -1
1.935899e-001 -3.220570e-001 
1
2
18 14 4 3 0 -1
19 15 2 3 0 2
tilted_haar_y4
1.103862e-002 0 -1
-5.480191e-002 5.144157e-001 
1
2
6 14 3 4 0 -1
5 15 3 2 0 2
tilted_haar_y4
7.519848e-004 0 -1
-1.777828e-001 3.092953e-001 
1
2
14 4 3 9 0 -1
14 7 3 3 0 3
haar_y3
-1.430389e-002 0 -1
3.385750e-001 -9.429383e-002 
1
2
12 5 12 2 0 -1
12 5 12 1 0 2
tilted_haar_y2
1.596545e-002 0 -1
-1.202127e-001 5.152327e-001 
1
3
20 8 4 12 0 -1
22 8 2 6 0 2
20 14 2 6 0 2
haar_x2_y2
-1.174163e-002 0 -1
3.871221e-001 -1.439415e-001 
1
3
0 8 4 12 0 -1
0 8 2 6 0 2
2 14 2 6 0 2
haar_x2_y2
-5.840849e-003 0 -1
2.574547e-001 -2.177315e-001 
1
2
22 20 2 2 0 -1
22 20 2 1 0 2
tilted_haar_x2
4.337633e-004 0 -1
9.926238e-002 -1.748805e-001 
1
2
0 7 15 15 0 -1
5 12 5 5 0 9
haar_point
2.408832e-001 0 -1
-1.005741e-001 6.139031e-001 
1
2
9 0 6 24 0 -1
9 12 6 12 0 2
haar_y2
-8.306524e-002 0 -1
2.232602e-001 -2.814668e-001 
1
2
4 3 20 1 0 -1
4 3 10 1 0 2
tilted_haar_x2
5.283152e-002 0 -1
6.756607e-002 -7.799267e-001 
1
2
15 11 6 9 0 -1
15 14 6 3 0 3
haar_y3
-3.792180e-003 0 -1
9.239099e-002 -1.338011e-001 
1
2
0 19 1 3 0 -1
0 20 1 1 0 3
haar_y3
-1.148993e-003 0 -1
-5.325727e-001 1.001696e-001 
1
2
4 3 16 12 0 -1
4 9 16 6 0 2
haar_y2
8.641481e-002 0 -1
-1.111135e-001 4.917508e-001 
1
2
0 15 18 9 0 -1
6 18 6 3 0 9
haar_point
2.074539e-001 0 -1
-7.096288e-002 7.241954e-001 
1
2
12 19 3 2 0 -1
12 19 3 1 0 2
tilted_haar_x2
-2.805491e-004 0 -1
1.291739e-001 -1.495417e-001 
1
2
8 22 3 2 0 -1
8 23 3 1 0 2
haar_y2
7.605759e-005 0 -1
-2.782750e-001 1.953551e-001 
1
2
1 1 22 20 0 -1
1 6 22 10 0 2
haar_y4
-1.635689e-001 0 -1
4.269279e-001 -1.166286e-001 
1
2
2 20 2 2 0 -1
2 20 1 2 0 2
tilted_haar_x2
2.906272e-003 0 -1
9.936449e-002 -4.806136e-001 
1
3
19 8 4 14 0 -1
21 8 2 7 0 2
19 15 2 7 0 2
haar_x2_y2
-1.563132e-002 0 -1
2.737965e-001 -9.666751e-002 
1
2
1 16 16 1 0 -1
5 16 8 1 0 2
haar_x4
-3.120124e-003 0 -1
2.478297e-001 -2.031276e-001 
1
3
13 16 10 6 0 -1
18 16 5 3 0 2
13 19 5 3 0 2
haar_x2_y2
-5.597703e-003 0 -1
1.979937e-001 -1.578392e-001 
1
2
1 5 16 14 0 -1
1 12 16 7 0 2
haar_y2
-1.898587e-001 0 -1
3.680104e-001 -1.321387e-001 
-1.427355e+000

3
-1
