26
1
2
0 15 6 7 0 -1
3 15 3 7 0 2
haar_x2
-1.068677e-002 0 -1
4.506806e-001 -4.514445e-001 
1
2
2 3 20 5 0 -1
7 3 10 5 0 2
haar_x4
5.482712e-002 0 -1
-2.771185e-001 6.496137e-001 
1
2
6 16 10 8 0 -1
6 18 10 4 0 2
haar_y4
-3.317426e-002 0 -1
4.850322e-001 -2.824257e-001 
1
2
16 11 6 5 0 -1
18 13 2 5 0 3
tilted_haar_y3
-1.523044e-002 0 -1
3.440430e-001 -2.276569e-001 
1
2
5 7 12 6 0 -1
8 7 6 6 0 2
haar_x4
-4.361863e-003 0 -1
2.948337e-001 -3.117448e-001 
1
2
17 17 3 3 0 -1
18 17 1 3 0 3
haar_x3
4.019707e-003 0 -1
-9.102578e-002 5.998698e-001 
1
2
2 21 2 1 0 -1
2 21 1 1 0 2
tilted_haar_x2
1.768257e-003 0 -1
1.730575e-001 -6.596396e-001 
1
2
12 5 6 12 0 -1
8 9 6 4 0 3
tilted_haar_x3
-1.134483e-001 0 -1
3.730797e-001 -1.582784e-001 
1
2
12 5 12 6 0 -1
16 9 4 6 0 3
tilted_haar_x3
1.619021e-001 0 -1
-7.976013e-002 8.446826e-001 
1
2
0 2 24 10 0 -1
6 2 12 10 0 2
haar_x4
3.839123e-002 0 -1
-2.488012e-001 2.968011e-001 
1
2
4 17 3 3 0 -1
5 17 1 3 0 3
haar_x3
6.765369e-003 0 -1
-9.254188e-002 8.522999e-001 
1
2
14 18 2 1 0 -1
14 18 1 1 0 2
haar_x2
-6.174665e-004 0 -1
-2.450551e-001 6.346940e-002 
1
2
6 1 6 6 0 -1
8 3 2 6 0 3
tilted_haar_x3
4.046613e-002 0 -1
-9.950403e-002 6.918381e-001 
1
2
21 20 2 4 0 -1
21 20 1 4 0 2
haar_x2
-6.473811e-005 0 -1
1.179608e-001 -1.085959e-001 
1
2
1 22 3 2 0 -1
2 22 1 2 0 3
haar_x3
6.179570e-004 0 -1
1.309946e-001 -5.009812e-001 
1
2
13 1 4 8 0 -1
14 2 2 8 0 2
tilted_haar_y4
1.914078e-002 0 -1
-3.711981e-002 2.765014e-001 
1
2
11 1 8 4 0 -1
10 2 8 2 0 2
tilted_haar_y4
-3.675622e-003 0 -1
3.665890e-001 -1.886280e-001 
1
2
23 10 1 3 0 -1
23 11 1 1 0 3
haar_y3
-1.881495e-003 0 -1
-5.046284e-001 4.596032e-002 
1
2
0 14 4 7 0 -1
2 14 2 7 0 2
haar_x2
-2.139849e-002 0 -1
7.067070e-001 -9.740650e-002 
1
2
19 16 4 3 0 -1
19 17 4 1 0 3
haar_y3
2.577856e-003 0 -1
1.099605e-001 -4.775367e-001 
1
2
0 10 1 3 0 -1
0 11 1 1 0 3
haar_y3
-9.601899e-004 0 -1
-6.050775e-001 1.040156e-001 
1
2
19 16 5 3 0 -1
19 17 5 1 0 3
haar_y3
-1.296551e-002 0 -1
-8.696786e-001 1.757696e-002 
1
2
8 13 3 4 0 -1
7 14 3 2 0 2
tilted_haar_y4
-7.536080e-003 0 -1
4.402393e-001 -1.474203e-001 
1
2
19 16 5 3 0 -1
19 17 5 1 0 3
haar_y3
-8.972179e-004 0 -1
-1.427054e-001 1.061459e-001 
1
2
0 16 5 3 0 -1
0 17 5 1 0 3
haar_y3
3.635179e-003 0 -1
1.091747e-001 -5.628856e-001 
1
2
18 11 6 5 0 -1
18 11 3 5 0 2
haar_x2
6.730200e-003 0 -1
-1.785440e-001 3.286712e-001 
-1.334147e+000

1
-1
