59
1
2
12 0 10 2 0 -1
12 0 10 1 0 2
tilted_haar_y2
-1.079078e-002 0 -1
4.274617e-001 -2.147740e-001 
1
2
20 19 2 1 0 -1
20 19 1 1 0 2
haar_x2
9.961053e-005 0 -1
9.190096e-002 -3.035430e-001 
1
2
2 19 2 1 0 -1
3 19 1 1 0 2
haar_x2
-4.968715e-005 0 -1
1.991529e-001 -3.921455e-001 
1
2
18 16 3 4 0 -1
19 16 1 4 0 3
haar_x3
-4.717656e-003 0 -1
4.488289e-001 -8.795287e-002 
1
2
6 8 12 1 0 -1
10 8 4 1 0 3
haar_x3
-4.233048e-003 0 -1
3.043129e-001 -2.111745e-001 
1
2
19 22 3 2 0 -1
20 22 1 2 0 3
haar_x3
4.220375e-004 0 -1
6.246138e-002 -2.170570e-001 
1
2
6 11 8 3 0 -1
6 12 8 1 0 3
haar_y3
1.560770e-002 0 -1
-9.135151e-002 5.776100e-001 
1
2
19 22 3 2 0 -1
20 22 1 2 0 3
haar_x3
-2.585689e-004 0 -1
-1.275700e-001 7.283846e-002 
1
2
2 22 3 2 0 -1
3 22 1 2 0 3
haar_x3
-5.339105e-004 0 -1
-4.674754e-001 9.979370e-002 
1
3
16 13 2 6 0 -1
17 13 1 3 0 2
16 16 1 3 0 2
haar_x2_y2
-4.437251e-003 0 -1
4.402303e-001 -8.237065e-002 
1
2
4 0 10 9 0 -1
9 0 5 9 0 2
haar_x2
1.125180e-002 0 -1
-2.464441e-001 1.714686e-001 
1
2
13 20 8 3 0 -1
13 21 8 1 0 3
haar_y3
-1.984041e-002 0 -1
4.605945e-001 -5.999388e-002 
1
2
4 9 10 3 0 -1
3 10 10 1 0 3
tilted_haar_y3
7.537855e-003 0 -1
-9.052622e-002 4.244518e-001 
1
3
16 13 2 6 0 -1
17 13 1 3 0 2
16 16 1 3 0 2
haar_x2_y2
5.409961e-003 0 -1
-3.519976e-002 6.168981e-001 
1
2
3 4 13 16 0 -1
3 12 13 8 0 2
haar_y2
-2.389125e-001 0 -1
3.785855e-001 -1.418491e-001 
1
3
16 13 2 6 0 -1
17 13 1 3 0 2
16 16 1 3 0 2
haar_x2_y2
-1.835898e-003 0 -1
1.416794e-001 -5.806466e-002 
1
3
6 13 2 6 0 -1
6 13 1 3 0 2
7 16 1 3 0 2
haar_x2_y2
-5.938661e-003 0 -1
6.569047e-001 -8.534108e-002 
1
2
14 5 9 6 0 -1
14 7 9 2 0 3
haar_y3
-5.142900e-002 0 -1
-7.329386e-001 3.920583e-002 
1
2
1 5 9 6 0 -1
1 7 9 2 0 3
haar_y3
-1.359845e-003 0 -1
2.103773e-001 -2.198033e-001 
1
2
17 23 3 1 0 -1
18 23 1 1 0 3
haar_x3
5.064380e-004 0 -1
7.439375e-002 -4.294942e-001 
1
2
10 12 6 6 0 -1
10 12 6 3 0 2
tilted_haar_y2
5.571631e-002 0 -1
-9.843060e-002 4.141845e-001 
1
2
17 18 2 4 0 -1
17 19 2 2 0 2
haar_y4
5.330316e-005 0 -1
-8.241685e-002 8.846845e-002 
1
2
1 7 2 6 0 -1
1 10 2 3 0 2
haar_y2
-1.382844e-003 0 -1
2.268187e-001 -1.838775e-001 
1
2
4 16 18 2 0 -1
4 16 9 2 0 2
haar_x2
-3.270757e-002 0 -1
-3.887921e-001 6.758675e-002 
1
2
0 3 12 6 0 -1
3 3 6 6 0 2
haar_x4
-3.412449e-002 0 -1
-5.798236e-001 6.417242e-002 
1
2
16 16 3 4 0 -1
17 16 1 4 0 3
haar_x3
-7.884366e-003 0 -1
5.750697e-001 -5.492526e-002 
1
2
2 0 12 7 0 -1
8 0 6 7 0 2
haar_x2
1.977420e-002 0 -1
-2.047585e-001 2.020538e-001 
1
2
16 16 3 4 0 -1
17 16 1 4 0 3
haar_x3
6.238636e-003 0 -1
-8.241035e-002 4.520714e-001 
1
2
1 16 15 1 0 -1
6 16 5 1 0 3
haar_x3
-1.878317e-003 0 -1
1.925715e-001 -2.195491e-001 
1
2
17 23 3 1 0 -1
18 23 1 1 0 3
haar_x3
-2.602018e-003 0 -1
-4.208341e-001 1.381438e-002 
1
2
0 2 24 2 0 -1
6 2 12 2 0 2
haar_x4
-5.819430e-003 0 -1
3.334123e-001 -1.224974e-001 
1
2
8 18 10 4 0 -1
8 18 5 4 0 2
haar_x2
4.379050e-002 0 -1
-2.924439e-002 7.362216e-001 
1
2
5 19 12 1 0 -1
9 19 4 1 0 3
haar_x3
-8.543573e-004 0 -1
1.887911e-001 -2.419150e-001 
1
2
17 15 2 4 0 -1
17 15 1 4 0 2
tilted_haar_y2
1.109410e-002 0 -1
-3.308369e-002 3.029271e-001 
1
2
12 11 12 1 0 -1
16 15 4 1 0 3
tilted_haar_x3
-8.038050e-003 0 -1
1.736304e-001 -2.605366e-001 
1
2
16 1 2 20 0 -1
16 1 1 20 0 2
haar_x2
2.172343e-003 0 -1
-1.190561e-001 1.455579e-001 
1
2
12 1 12 3 0 -1
11 2 12 1 0 3
tilted_haar_y3
-7.137123e-003 0 -1
3.460985e-001 -1.283221e-001 
1
2
14 12 2 4 0 -1
14 12 1 4 0 2
haar_x2
-9.182090e-005 0 -1
8.565965e-002 -6.569251e-002 
1
2
8 12 2 4 0 -1
9 12 1 4 0 2
haar_x2
1.754993e-003 0 -1
9.701365e-002 -4.761100e-001 
1
2
19 0 2 15 0 -1
19 0 1 15 0 2
tilted_haar_y2
-2.212079e-002 0 -1
-6.363758e-001 3.564072e-002 
1
2
5 0 15 2 0 -1
5 0 15 1 0 2
tilted_haar_y2
-9.189215e-003 0 -1
-5.004814e-001 7.760041e-002 
1
2
16 2 2 19 0 -1
16 2 1 19 0 2
haar_x2
-9.987921e-003 0 -1
3.614550e-001 -5.248065e-002 
1
2
6 2 2 19 0 -1
7 2 1 19 0 2
haar_x2
1.405503e-003 0 -1
-2.020490e-001 2.244512e-001 
1
2
17 18 2 4 0 -1
17 19 2 2 0 2
haar_y4
-4.063764e-003 0 -1
2.563258e-001 -5.289442e-002 
1
2
5 18 2 4 0 -1
5 19 2 2 0 2
haar_y4
5.795136e-005 0 -1
-1.926983e-001 2.413146e-001 
1
2
18 15 2 4 0 -1
18 15 1 4 0 2
tilted_haar_y2
-3.655173e-004 0 -1
1.313383e-001 -1.645692e-001 
1
2
9 17 5 4 0 -1
9 19 5 2 0 2
haar_y2
-2.705116e-003 0 -1
2.704114e-001 -2.143697e-001 
1
2
17 23 3 1 0 -1
18 23 1 1 0 3
haar_x3
3.492094e-004 0 -1
4.583036e-002 -1.716617e-001 
1
2
4 23 3 1 0 -1
5 23 1 1 0 3
haar_x3
-8.246630e-004 0 -1
-6.617339e-001 7.449297e-002 
1
2
17 17 3 1 0 -1
18 18 1 1 0 3
tilted_haar_y3
8.098453e-003 0 -1
-3.110459e-002 3.679138e-001 
1
2
6 4 1 6 0 -1
6 4 1 3 0 2
tilted_haar_y2
2.124072e-005 0 -1
-2.628470e-001 1.532191e-001 
1
2
9 21 15 2 0 -1
14 21 5 2 0 3
haar_x3
-4.077789e-003 0 -1
1.583481e-001 -1.549178e-001 
1
2
0 18 15 6 0 -1
5 18 5 6 0 3
haar_x3
-1.087119e-002 0 -1
2.048360e-001 -2.596035e-001 
1
2
6 18 14 6 0 -1
6 20 14 2 0 3
haar_y3
9.672108e-003 0 -1
-1.037310e-001 2.893802e-001 
1
3
2 10 6 10 0 -1
2 10 3 5 0 2
5 15 3 5 0 2
haar_x2_y2
4.244687e-003 0 -1
-1.567392e-001 3.387857e-001 
1
2
12 20 12 4 0 -1
12 22 12 2 0 2
haar_y2
8.580278e-004 0 -1
-1.850278e-001 7.265338e-002 
1
2
12 2 12 4 0 -1
11 3 12 2 0 2
tilted_haar_y4
-5.935570e-003 0 -1
3.402825e-001 -1.731086e-001 
1
2
13 3 2 6 0 -1
13 6 2 3 0 2
haar_y2
4.192767e-003 0 -1
-1.269239e-001 3.217526e-001 
1
2
0 0 6 7 0 -1
2 0 2 7 0 3
haar_x3
-1.174782e-003 0 -1
2.110444e-001 -2.586684e-001 
-1.299658e+000

11
-1
